255.0 				// vehicle capacity (yards), real number
800.0				// total yardage allowed for a vehicle per day, real number
500				// total number of regular stops for a vehicle allowed per day
3600				// lunch time duration in second, lunch time should start between 11:00am and 12:00 pm
40				// speed: MPH
Stop_ID	X(feet)	Y(feet)	Early_St_Time (HHMM)	Late_St_Time (HHMM)	Svice_Time(Sec)	Load (Yards)	"Stop_Type(0: Depot, 1: regular stop, 2: Landfill)"
75632   2085039.08   7005028.04  0400 1700 0   9999.00 0
1001407   2054504.83   6964749.33  0400 1700 0   9999.00 2
1001409   2191550.00   6981391.00  0400 1700 0   9999.00 2
1001411   2172994.00   7015387.00  0400 1700 0   9999.00 2
19156494   2132323.00   6975801.00  0000 2400 10     6.00 1
19156502   2127078.00   6979590.00  0000 2400 10    10.00 1
31441335   2139982.00   6989558.00  0000 2400 10     2.00 1
31441336   2139982.00   6989558.00  0000 2400 10     2.00 1
2203924   2125286.00   6976727.00  0000 2400 150     2.00 1
2189804   2131507.00   6974561.00  0000 2400 90     2.00 1
2189358   2131862.00   6974913.00  0000 2400 90     8.00 1
2189359   2131862.00   6974913.00  0000 2400 30     8.00 1
2189313   2131349.00   6973026.00  0000 2400 270    18.00 1
2194964   2133399.00   6974360.00  0000 2400 30     8.00 1
2194965   2133399.00   6974360.00  0000 2400 30     8.00 1
2194966   2133399.00   6974360.00  0000 2400 30     8.00 1
2194960   2133399.00   6974360.00  0000 2400 150    10.00 1
2194961   2133399.00   6974360.00  0000 2400 30     6.00 1
2194962   2133399.00   6974360.00  0000 2400 30     6.00 1
2194963   2133399.00   6974360.00  0000 2400 30     6.00 1
2193836   2128203.00   6975862.00  0000 2400 90     8.00 1
2193837   2128203.00   6975862.00  0000 2400 30     8.00 1
2193838   2128203.00   6975862.00  0000 2400 30     8.00 1
2195734   2127152.00   6978614.00  0000 2400 90     6.00 1
2199683   2129728.00   6976092.00  0000 2400 90     6.00 1
2198772   2128550.00   6977885.00  0000 2400 90    10.00 1
2198541   2127090.00   6979212.00  0000 2400 150    10.00 1
2201116   2127284.00   6977026.00  0000 2400 90     4.00 1
2201067   2132375.00   6976515.00  0000 2400 150     8.00 1
2200684   2127152.00   6978614.00  0000 2400 270    18.00 1
2299696   2108342.00   6980265.00  0000 2400 10     2.00 1
2299697   2108342.00   6980265.00  0000 2400 10     2.00 1
2189861   2138712.00   6973996.00  0000 2400 270     2.00 1
2189862   2138712.00   6973996.00  0000 2400 30     2.00 1
2189863   2138712.00   6973996.00  0000 2400 30     2.00 1
2195125   2137684.75   6978950.32  0000 2400 390    18.00 1
2203411   2141688.00   6979451.00  0000 2400 390    18.00 1
2197681   2138198.00   6979133.00  0000 2400 270     2.00 1
2197682   2138198.00   6979133.00  0000 2400 30     2.00 1
9024939   2138198.00   6979133.00  0000 2400 10     4.00 1
2202306   2145821.64   6979975.39  0000 2400 150     6.00 1
2191283   2140437.29   6979409.64  0000 2400 150     8.00 1
2190831   2137426.00   6982623.00  0000 2400 150     4.00 1
2191422   2135644.00   6988168.00  0000 2400 150     6.00 1
2198428   2136343.00   6987988.00  0000 0700 30     2.00 1
2198429   2136343.00   6987988.00  0000 0700 30     2.00 1
2198423   2136343.00   6987988.00  0000 0700 390     2.00 1
2198430   2136343.00   6987988.00  0000 0700 30     2.00 1
2198431   2136343.00   6987988.00  0000 0700 30     2.00 1
2198432   2136343.00   6987988.00  0000 0700 30     2.00 1
2198433   2136343.00   6987988.00  0000 0700 30     2.00 1
2198434   2136343.00   6987988.00  0000 0700 30     2.00 1
2198435   2136343.00   6987988.00  0000 0700 30     2.00 1
2198436   2136343.00   6987988.00  0000 0700 30     2.00 1
2198437   2136343.00   6987988.00  0000 0700 30     2.00 1
2198424   2136343.00   6987988.00  0000 0700 30     2.00 1
2198425   2136343.00   6987988.00  0000 0700 30     2.00 1
2198426   2136343.00   6987988.00  0000 0700 30     2.00 1
2198427   2136343.00   6987988.00  0000 0700 30     2.00 1
2191726   2136772.00   6988969.00  0000 2400 90     4.00 1
2943093   2137207.00   6989960.00  0000 2400 10     6.00 1
29350136   2137047.00   6991398.00  0000 2400 10     2.00 1
29350151   2137047.00   6991398.00  0000 2400 10     2.00 1
29350158   2137047.00   6991398.00  0000 2400 10     2.00 1
2196020   2137775.00   6991486.00  0000 2400 150     6.00 1
2204398   2136972.00   6991899.00  0000 2400 90     8.00 1
2192022   2136972.00   6991899.00  0000 2400 270     2.00 1
2192023   2136972.00   6991899.00  0000 2400 30     2.00 1
2200476   2132252.00   6990208.00  0000 2400 270     2.00 1
2189251   2134376.00   6977150.00  0000 2400 30     2.00 1
2189252   2134376.00   6977150.00  0000 2400 30     2.00 1
2189253   2134376.00   6977150.00  0000 2400 30     2.00 1
2189261   2134376.00   6977150.00  0000 2400 30     4.00 1
2189262   2134376.00   6977150.00  0000 2400 30     6.00 1
2189237   2134376.00   6977150.00  0000 2400 270     2.00 1
2189248   2134376.00   6977150.00  0000 2400 30     2.00 1
2189254   2134376.00   6977150.00  0000 2400 30     2.00 1
2189255   2134376.00   6977150.00  0000 2400 30     2.00 1
2189256   2134376.00   6977150.00  0000 2400 30     2.00 1
2189257   2134376.00   6977150.00  0000 2400 30     2.00 1
2189258   2134376.00   6977150.00  0000 2400 30     2.00 1
2189259   2134376.00   6977150.00  0000 2400 30     2.00 1
2189260   2134376.00   6977150.00  0000 2400 30     2.00 1
2189238   2134376.00   6977150.00  0000 2400 30     2.00 1
2189239   2134376.00   6977150.00  0000 2400 30     2.00 1
2189240   2134376.00   6977150.00  0000 2400 30     2.00 1
2189241   2134376.00   6977150.00  0000 2400 30     2.00 1
2189242   2134376.00   6977150.00  0000 2400 30     2.00 1
2189243   2134376.00   6977150.00  0000 2400 30     2.00 1
2189244   2134376.00   6977150.00  0000 2400 30     2.00 1
2189245   2134376.00   6977150.00  0000 2400 30     2.00 1
2189246   2134376.00   6977150.00  0000 2400 30     2.00 1
2189247   2134376.00   6977150.00  0000 2400 30     2.00 1
2189249   2134376.00   6977150.00  0000 2400 30     2.00 1
2189250   2134376.00   6977150.00  0000 2400 30     2.00 1
2193965   2092671.00   6982080.00  0000 2400 270     2.00 1
26768503   2135721.00   7000758.00  0000 2400 10    10.00 1
2200815   2136346.00   6997245.00  0000 2400 270     2.00 1
19156404   2135813.00   7000387.00  0000 2400 10     2.00 1
5898713   2135813.00   7000387.00  0000 2400 10     8.00 1
2198304   2141604.00   6999130.00  0000 2400 90     4.00 1
2202133   2141604.00   6999130.00  0000 2400 150     8.00 1
2299947   2141264.00   6993324.00  0000 2400 90     2.00 1
2192121   2131945.00   6991739.00  0000 2400 150     2.00 1
2192122   2131945.00   6991739.00  0000 2400 30     8.00 1
2203744   2140677.00   6989587.00  0000 2400 90     2.00 1
2203745   2140677.00   6989587.00  0000 2400 30     2.00 1
2200486   2141038.00   6990649.00  0000 2400 150     8.00 1
2200487   2141038.00   6990649.00  0000 2400 30     8.00 1
2200460   2140953.00   6990792.00  0000 2400 270     2.00 1
2200461   2140953.00   6990792.00  0000 2400 30     2.00 1
2200462   2140953.00   6990792.00  0000 2400 30     2.00 1
2200463   2140953.00   6990792.00  0000 2400 30     2.00 1
2200464   2140953.00   6990792.00  0000 2400 30     2.00 1
2191801   2139935.00   6990819.00  0700 2300 30     2.00 1
2191802   2139935.00   6990819.00  0700 2300 30     2.00 1
2191803   2139935.00   6990819.00  0700 2300 30     2.00 1
2191804   2139935.00   6990819.00  0700 2300 30     2.00 1
2191805   2139935.00   6990819.00  0700 2300 30     2.00 1
2191806   2139935.00   6990819.00  0700 2300 30     2.00 1
2191799   2139935.00   6990819.00  0700 2300 90     2.00 1
2191800   2139935.00   6990819.00  0700 2300 30     2.00 1
2194931   2139982.00   6989558.00  0000 0800 150    10.00 1
2194932   2139982.00   6989558.00  0000 0800 30    10.00 1
2200469   2140327.00   6989466.00  0000 2400 390     2.00 1
2200470   2140327.00   6989466.00  0000 2400 30     2.00 1
2200471   2140327.00   6989466.00  0000 2400 30     2.00 1
2200472   2140327.00   6989466.00  0000 2400 30     2.00 1
2200473   2140327.00   6989466.00  0000 2400 30     2.00 1
2193723   2141282.00   6989544.00  0000 2400 90     6.00 1
2191991   2142582.00   6985072.00  0000 2400 270     2.00 1
10990553   2106552.00   6980070.00  0000 2400 10     8.00 1
2198668   2089340.00   7022653.00  0000 2400 10     6.00 1
2198669   2089340.00   7022653.00  0000 2400 10     6.00 1
2198670   2089340.00   7022653.00  0000 2400 10     8.00 1
2198671   2089340.00   7022653.00  0000 2400 10     8.00 1
2198672   2089340.00   7022653.00  0000 2400 10     8.00 1
2198673   2089340.00   7022653.00  0000 2400 10     8.00 1
2198674   2089340.00   7022653.00  0000 2400 10     8.00 1
2198675   2089340.00   7022653.00  0000 2400 10     8.00 1
2195304   2089481.00   7022450.00  0000 2400 90     8.00 1
2203163   2101255.00   7049029.00  0000 2400 10     2.00 1
2195548   2101350.35   7047118.65  0000 2400 150     8.00 1
2204361   2088618.00   7043840.00  0000 2400 90     2.00 1
33396281   2088579.00   7043604.00  0000 2400 10     2.00 1
33396283   2088303.00   7043527.00  0000 2400 10     4.00 1
33363007   2087315.00   7044149.00  0000 2400 10     4.00 1
16312041   2095901.00   7036937.00  0000 2400 10    10.00 1
2194669   2099265.00   7039640.00  0000 2400 150     4.00 1
2203250   2098819.00   7039492.00  0000 2400 270     2.00 1
2199198   2113925.00   7036911.00  0000 2400 150     8.00 1
2191107   2113716.00   7036796.00  0000 2400 10     6.00 1
2191062   2115958.00   7035301.00  0000 2400 150     8.00 1
2195530   2115958.00   7035301.00  0000 2400 150     8.00 1
2622576   2115435.00   7035609.00  0000 2400 90     6.00 1
2197266   2121471.00   7030853.00  0000 2400 270     6.00 1
2191695   2118157.00   7031924.00  0000 2400 150     8.00 1
4039953   2121015.00   7031781.00  0000 2400 10     2.00 1
4039954   2121015.00   7031781.00  0000 2400 10     2.00 1
2191169   2118356.57   7032915.73  0000 2400 150     4.00 1
33622800   2116980.00   7030214.00  0000 2400 10     2.00 1
33622803   2116980.00   7030214.00  0000 2400 10     2.00 1
33792427   2116251.00   7032058.00  0000 2400 10     8.00 1
2195861   2116438.00   7034863.00  0000 2400 150     8.00 1
2195857   2116022.00   7034577.00  0000 2400 150     8.00 1
2201386   2117165.00   7034443.00  0000 2400 150    10.00 1
2191954   2122746.00   7033282.00  0000 2400 270     2.00 1
2191955   2122746.00   7033282.00  0000 2400 30     2.00 1
35153098   2126566.00   7032726.00  0000 2400 10     2.00 1
2198568   2127665.00   7032467.00  0500 2300 270     2.00 1
2198569   2127665.00   7032467.00  0500 2300 30     2.00 1
2190811   2128386.00   7032730.00  0000 2400 270     2.00 1
26150656   2128959.00   7032295.00  0000 2400 10    10.00 1
2191571   2126718.00   7032778.00  0000 2400 90     4.00 1
2203366   2118622.00   7033970.00  0000 2400 270     2.00 1
2203367   2118622.00   7033970.00  0000 2400 30     4.00 1
2199900   2118125.00   7034156.00  0000 2400 10     2.00 1
29350161   2117469.00   7034426.00  0000 2400 10     2.00 1
29350163   2117469.00   7034426.00  0000 2400 10     2.00 1
29350164   2117469.00   7034426.00  0000 2400 10     2.00 1
2201217   2116014.00   7035276.00  0000 2400 270     2.00 1
2190859   2132836.00   7038612.00  0000 2400 270     2.00 1
2190860   2132836.00   7038612.00  0000 2400 30     2.00 1
2190861   2132836.00   7038612.00  0000 2400 30     2.00 1
2190884   2132119.00   7038852.00  0000 2400 270     2.00 1
2190885   2132119.00   7038852.00  0000 2400 30     2.00 1
2190886   2132119.00   7038852.00  0000 2400 30     2.00 1
2201880   2132354.00   7039025.00  0000 2400 270     2.00 1
2201881   2132354.00   7039025.00  0000 2400 30     2.00 1
2201882   2132354.00   7039025.00  0000 2400 30     2.00 1
2191425   2116138.00   7039263.00  0000 2400 150     8.00 1
2191426   2116138.00   7039263.00  0000 2400 30     8.00 1
2198539   2119823.00   7039485.00  0000 2400 270     2.00 1
2198540   2119823.00   7039485.00  0000 2400 30     2.00 1
2195446   2122070.00   7036333.00  0000 2400 30     2.00 1
2195447   2122070.00   7036333.00  0000 2400 30     2.00 1
2195456   2122070.00   7036333.00  0000 2400 30     6.00 1
2195457   2122070.00   7036333.00  0000 2400 30     6.00 1
2195458   2122070.00   7036333.00  0000 2400 30     6.00 1
2195441   2122070.00   7036333.00  0000 2400 270     2.00 1
2195448   2122070.00   7036333.00  0000 2400 30     2.00 1
2195449   2122070.00   7036333.00  0000 2400 30     2.00 1
2195450   2122070.00   7036333.00  0000 2400 30     2.00 1
2195451   2122070.00   7036333.00  0000 2400 30     2.00 1
2195452   2122070.00   7036333.00  0000 2400 30     2.00 1
2195453   2122070.00   7036333.00  0000 2400 30     2.00 1
2195454   2122070.00   7036333.00  0000 2400 30     2.00 1
2195455   2122070.00   7036333.00  0000 2400 30     2.00 1
2195442   2122070.00   7036333.00  0000 2400 30     2.00 1
2195443   2122070.00   7036333.00  0000 2400 30     2.00 1
2195444   2122070.00   7036333.00  0000 2400 30     2.00 1
2195445   2122070.00   7036333.00  0000 2400 30     2.00 1
2200042   2122198.00   7034374.00  0000 2400 150     2.00 1
2200043   2122198.00   7034374.00  0000 2400 30     2.00 1
2200044   2122198.00   7034374.00  0000 2400 30     2.00 1
2200045   2122198.00   7034374.00  0000 2400 30     2.00 1
2199208   2117985.00   7035832.00  0000 2400 270     2.00 1
2203868   2117938.00   7035824.00  0000 2400 270     2.00 1
2201859   2117938.00   7035824.00  0000 2400 270     2.00 1
2195539   2117860.00   7034259.00  0000 2400 270     2.00 1
2195540   2117860.00   7034259.00  0000 2400 30     2.00 1
2195541   2117860.00   7034259.00  0000 2400 30     2.00 1
2197775   2118893.00   7036019.00  0000 2400 90     2.00 1
2197776   2118893.00   7036019.00  0000 2400 30     2.00 1
2197777   2118893.00   7036019.00  0000 2400 30     6.00 1
2197778   2118893.00   7036019.00  0000 2400 30     6.00 1
2197779   2118893.00   7036019.00  0000 2400 30     6.00 1
2197780   2118893.00   7036019.00  0000 2400 30     6.00 1
2197781   2118893.00   7036019.00  0000 2400 30     8.00 1
2197783   2118893.00   7036019.00  0000 2400 30     8.00 1
2197784   2118893.00   7036019.00  0000 2400 30     8.00 1
2197785   2118893.00   7036019.00  0000 2400 30     8.00 1
2197786   2118893.00   7036019.00  0000 2400 30     8.00 1
2197787   2118893.00   7036019.00  0000 2400 30     8.00 1
2197788   2118893.00   7036019.00  0000 2400 30     8.00 1
2197789   2118893.00   7036019.00  0000 2400 30     8.00 1
2197790   2118893.00   7036019.00  0000 2400 30     8.00 1
2197782   2118893.00   7036019.00  0000 2400 30     8.00 1
10183403   2117416.00   7035741.00  0000 2400 10     2.00 1
10183404   2117416.00   7035741.00  0000 2400 10     2.00 1
10183394   2116596.00   7034895.00  0000 2400 10     2.00 1
10183393   2116596.00   7034895.00  0000 2400 10     2.00 1
10183395   2116596.00   7034895.00  0000 2400 10     2.00 1
10183396   2116596.00   7034895.00  0000 2400 10     2.00 1
10183397   2116596.00   7034895.00  0000 2400 10     2.00 1
10183398   2116596.00   7034895.00  0000 2400 10     2.00 1
10183399   2116596.00   7034895.00  0000 2400 10     2.00 1
10183400   2116596.00   7034895.00  0000 2400 10     2.00 1
10183401   2116596.00   7034895.00  0000 2400 10     2.00 1
10183402   2116596.00   7034895.00  0000 2400 10     2.00 1
11641505   2116596.00   7034895.00  0000 2400 10     2.00 1
11641506   2116596.00   7034895.00  0000 2400 10     2.00 1
33413538   2117076.00   7036343.00  0000 2400 10     8.00 1
33396287   2116570.00   7037121.00  0000 2400 10     4.00 1
2194712   2121098.00   7047030.00  0000 2400 270     2.00 1
2194713   2121098.00   7047030.00  0000 2400 30     2.00 1
2191712   2127028.00   7048096.00  0000 2400 270     2.00 1
2191713   2127028.00   7048096.00  0000 2400 30     2.00 1
2191716   2125302.00   7051516.00  0000 2400 270     2.00 1
2191717   2125302.00   7051516.00  0000 2400 30     2.00 1
2191718   2125302.00   7051516.00  0000 2400 30     2.00 1
2197849   2136852.00   7042329.00  0000 2400 150     6.00 1
5692803   2102278.00   6999987.00  0000 2400 10     2.00 1
19156426   2102321.00   6990056.00  0000 2400 10     8.00 1
2203220   2101576.00   7003738.00  0000 2400 270     2.00 1
2203221   2101576.00   7003738.00  0000 2400 30     2.00 1
2203222   2101576.00   7003738.00  0000 2400 30     2.00 1
2203223   2101576.00   7003738.00  0000 2400 30     2.00 1
2203009   2101576.00   7003738.00  0000 2400 150     4.00 1
2190526   2079967.00   7023740.00  0000 2400 90     6.00 1
2190527   2079967.00   7023740.00  0000 2400 30     6.00 1
2191058   2101323.00   7022622.00  0000 2400 150     4.00 1
15494804   2094894.00   7022194.00  0000 2400 10     6.00 1
2190650   2106343.00   7017304.00  0000 2400 390    15.00 1
2203436   2106389.00   7017288.00  0000 2400 10     2.00 1
2203437   2106389.00   7017288.00  0000 2400 10     2.00 1
33396291   2106882.00   7020293.00  0000 2400 10     4.00 1
26768518   2112558.00   7016210.00  0000 2400 10    10.00 1
33396266   2112874.00   7016182.00  0000 2400 10     4.00 1
23202773   2113568.00   7016124.00  0000 2400 10    10.00 1
2197964   2116459.00   7015570.00  0000 2400 30     6.00 1
25950297   2113568.00   7016124.00  0000 2400 10    10.00 1
2203916   2117581.00   7015494.00  0000 2400 30    18.00 1
19156438   2117472.00   7016669.00  0000 2400 10     2.00 1
25658878   2117472.00   7016669.00  0000 2400 10     2.00 1
19156437   2117418.00   7017267.00  0000 2400 10     8.00 1
2195207   2117362.00   7017935.00  0000 2400 270    18.00 1
22121748   2117352.00   7018054.00  0000 2400 10    18.00 1
2197582   2117315.00   7018475.00  0000 2400 150     6.00 1
2201113   2116960.00   7023287.00  0000 2400 270     2.00 1
2204018   2117209.00   7019993.00  0000 2400 270     2.00 1
2203872   2117170.00   7020482.00  0000 2400 270     2.00 1
2203873   2117170.00   7020482.00  0000 2400 30     2.00 1
28692237   2119585.00   7030603.00  0000 2400 10     8.00 1
11641483   2116373.00   7030117.00  0000 2400 10     2.00 1
11641484   2116373.00   7030117.00  0000 2400 10     2.00 1
11641485   2116373.00   7030117.00  0000 2400 10     2.00 1
11641486   2116373.00   7030117.00  0000 2400 10     2.00 1
11641487   2116373.00   7030117.00  0000 2400 10     2.00 1
11641488   2116373.00   7030117.00  0000 2400 10     2.00 1
11641489   2116373.00   7030117.00  0000 2400 10     2.00 1
19157637   2116373.00   7030117.00  0000 2400 10     8.00 1
19157630   2116373.00   7030117.00  0000 2400 10     6.00 1
19157632   2116373.00   7030117.00  0000 2400 10     6.00 1
19157635   2116373.00   7030117.00  0000 2400 10     6.00 1
26700934   2116373.00   7030117.00  0000 2400 10     6.00 1
2201214   2116999.00   7030197.00  0000 2400 150     6.00 1
2199307   2116583.00   7027487.00  0000 2400 150     6.00 1
33413532   2116711.00   7025990.00  0000 2400 10     2.00 1
2194615   2116746.00   7022150.00  0000 2400 270     2.00 1
2190871   2117186.00   7020031.00  0000 2400 150     8.00 1
33413533   2116305.00   7020468.00  0000 2400 10     4.00 1
2299855   2118090.00   7022315.00  0000 2400 30     4.00 1
2299856   2118090.00   7022315.00  0000 2400 30     4.00 1
11641520   2118072.00   7022313.00  0000 2400 10     2.00 1
2198628   2137123.00   7024388.00  0000 2400 30     2.00 1
2198629   2137123.00   7024388.00  0000 2400 30     2.00 1
2198630   2137123.00   7024388.00  0000 2400 30     2.00 1
2198623   2137123.00   7024388.00  0000 2400 270     2.00 1
2198624   2137123.00   7024388.00  0000 2400 30     2.00 1
2198625   2137123.00   7024388.00  0000 2400 30     2.00 1
2198626   2137123.00   7024388.00  0000 2400 30     2.00 1
2198627   2137123.00   7024388.00  0000 2400 30     2.00 1
2198601   2120826.47   7022706.45  0000 2400 270     2.00 1
2198605   2120588.61   7022794.11  0000 2400 30     2.00 1
2198606   2120469.07   7022781.11  0000 2400 30     2.00 1
2198607   2120347.79   7022659.82  0000 2400 30     2.00 1
2198608   2120342.22   7022639.41  0000 2400 30     2.00 1
2198609   2120109.71   7022627.41  0000 2400 30     2.00 1
2198610   2120050.21   7022619.17  0000 2400 30     2.00 1
2198611   2120109.71   7022627.41  0000 2400 30     2.00 1
2198612   2120109.71   7022627.41  0000 2400 30     2.00 1
2198602   2120169.21   7022635.65  0000 2400 30     2.00 1
2198603   2120169.21   7022635.65  0000 2400 30     2.00 1
2198604   2120282.72   7022631.17  0000 2400 30     2.00 1
33412911   2118521.00   7022376.00  0000 2400 10     2.00 1
2202161   2117286.00   7022219.00  0000 2400 90     6.00 1
2199325   2117126.00   7022194.00  0000 2400 10     2.00 1
2199326   2117126.00   7022194.00  0000 2400 10     2.00 1
19973115   2117219.00   7027955.00  0000 2400 10     2.00 1
19973116   2117219.00   7027955.00  0000 2400 10     2.00 1
19973118   2117219.00   7027955.00  0000 2400 10     2.00 1
19973119   2117219.00   7027955.00  0000 2400 10     2.00 1
19973124   2117219.00   7027955.00  0000 2400 10     2.00 1
19973125   2117219.00   7027955.00  0000 2400 10     2.00 1
19973131   2117219.00   7027955.00  0000 2400 10     2.00 1
19973133   2117219.00   7027955.00  0000 2400 10     2.00 1
19973136   2117219.00   7027955.00  0000 2400 10     2.00 1
19973137   2117219.00   7027955.00  0000 2400 10     2.00 1
19973139   2117219.00   7027955.00  0000 2400 10     2.00 1
19973140   2117219.00   7027955.00  0000 2400 10     2.00 1
19973145   2117219.00   7027955.00  0000 2400 10     2.00 1
19973147   2117219.00   7027955.00  0000 2400 10     2.00 1
19973081   2117219.00   7027955.00  0000 2400 10     2.00 1
19973082   2117219.00   7027955.00  0000 2400 10     2.00 1
19973083   2117219.00   7027955.00  0000 2400 10     2.00 1
19973084   2117219.00   7027955.00  0000 2400 10     2.00 1
19973092   2117219.00   7027955.00  0000 2400 10     2.00 1
19973093   2117219.00   7027955.00  0000 2400 10     2.00 1
19973095   2117219.00   7027955.00  0000 2400 10     2.00 1
19973099   2117219.00   7027955.00  0000 2400 10     2.00 1
19973101   2117219.00   7027955.00  0000 2400 10     2.00 1
19973102   2117219.00   7027955.00  0000 2400 10     2.00 1
19973103   2117219.00   7027955.00  0000 2400 10     2.00 1
19973104   2117219.00   7027955.00  0000 2400 10     2.00 1
19973105   2117219.00   7027955.00  0000 2400 10     2.00 1
19973106   2117219.00   7027955.00  0000 2400 10     2.00 1
19973107   2117219.00   7027955.00  0000 2400 10     2.00 1
19973108   2117219.00   7027955.00  0000 2400 10     2.00 1
19973109   2117219.00   7027955.00  0000 2400 10     2.00 1
19973018   2117219.00   7027955.00  0000 2400 10     2.00 1
19973022   2117219.00   7027955.00  0000 2400 10     2.00 1
19973023   2117219.00   7027955.00  0000 2400 10     2.00 1
19973024   2117219.00   7027955.00  0000 2400 10     2.00 1
19973025   2117219.00   7027955.00  0000 2400 10     2.00 1
19973026   2117219.00   7027955.00  0000 2400 10     2.00 1
19973027   2117219.00   7027955.00  0000 2400 10     2.00 1
19973028   2117219.00   7027955.00  0000 2400 10     2.00 1
19973029   2117219.00   7027955.00  0000 2400 10     2.00 1
19973030   2117219.00   7027955.00  0000 2400 10     2.00 1
19973031   2117219.00   7027955.00  0000 2400 10     2.00 1
19973032   2117219.00   7027955.00  0000 2400 10     2.00 1
19973033   2117219.00   7027955.00  0000 2400 10     2.00 1
19973035   2117219.00   7027955.00  0000 2400 10     2.00 1
19973036   2117219.00   7027955.00  0000 2400 10     2.00 1
19973037   2117219.00   7027955.00  0000 2400 10     2.00 1
19973038   2117219.00   7027955.00  0000 2400 10     2.00 1
19973044   2117219.00   7027955.00  0000 2400 10     2.00 1
19973045   2117219.00   7027955.00  0000 2400 10     2.00 1
19973056   2117219.00   7027955.00  0000 2400 10     2.00 1
19973062   2117219.00   7027955.00  0000 2400 10     2.00 1
19973065   2117219.00   7027955.00  0000 2400 10     2.00 1
19973067   2117219.00   7027955.00  0000 2400 10     2.00 1
19973068   2117219.00   7027955.00  0000 2400 10     2.00 1
19973070   2117219.00   7027955.00  0000 2400 10     2.00 1
19973072   2117219.00   7027955.00  0000 2400 10     2.00 1
19973075   2117219.00   7027955.00  0000 2400 10     2.00 1
2197075   2118446.00   7027764.00  0000 2400 270     2.00 1
2201439   2119409.00   7030143.00  0700 2300 270     2.00 1
2201447   2119409.00   7030143.00  0700 2300 30     2.00 1
2201448   2119409.00   7030143.00  0700 2300 30     2.00 1
2201449   2119409.00   7030143.00  0700 2300 30     2.00 1
2201450   2119409.00   7030143.00  0700 2300 30     2.00 1
2201451   2119409.00   7030143.00  0700 2300 30     2.00 1
2201452   2119409.00   7030143.00  0700 2300 30     2.00 1
2201453   2119409.00   7030143.00  0700 2300 30     2.00 1
2201454   2119409.00   7030143.00  0700 2300 30     2.00 1
2201440   2119409.00   7030143.00  0700 2300 30     2.00 1
2201441   2119409.00   7030143.00  0700 2300 30     2.00 1
2201442   2119409.00   7030143.00  0700 2300 30     2.00 1
2201443   2119409.00   7030143.00  0700 2300 30     2.00 1
2201444   2119409.00   7030143.00  0700 2300 30     2.00 1
2201445   2119409.00   7030143.00  0700 2300 30     2.00 1
2201446   2119409.00   7030143.00  0700 2300 30     2.00 1
33396286   2121729.00   7014506.00  0000 2400 10     2.00 1
19156562   2121788.00   7014704.00  0000 2400 10     6.00 1
2204133   2121635.00   7014697.00  0000 2400 30     2.00 1
2204134   2121635.00   7014697.00  0000 2400 30     2.00 1
2204135   2121635.00   7014697.00  0000 2400 30     2.00 1
2204136   2121635.00   7014697.00  0000 2400 30     2.00 1
2204132   2121635.00   7014697.00  0000 2400 270     2.00 1
33541528   2123194.00   7015679.00  0000 2400 10     2.00 1
33541529   2123194.00   7015679.00  0000 2400 10     2.00 1
33541526   2123194.00   7015679.00  0000 2400 10     2.00 1
33541527   2123194.00   7015679.00  0000 2400 10     2.00 1
2203911   2111542.60   7011549.55  0000 2400 10     2.00 1
33396277   2113290.00   7010699.00  0000 2400 10     2.00 1
33363006   2113202.00   7010542.00  0000 2400 10     2.00 1
33363060   2109598.00   7013833.00  0000 2400 10    10.00 1
2200556   2109241.00   7015546.00  0700 2300 270     2.00 1
2200557   2109241.00   7015546.00  0700 2300 30     2.00 1
32666328   2109579.00   7013838.00  0000 2400 10     8.00 1
2197492   2109489.00   7013443.00  0000 2400 10     2.00 1
2193334   2108414.00   7013414.00  0000 2400 90     8.00 1
2195184   2108407.00   7013507.00  0000 2400 90     8.00 1
2249147   2110250.21   7007999.59  0000 2400 270     4.00 1
2249148   2110250.21   7007999.59  0000 2400 30     4.00 1
8947415   2106019.00   7009462.00  0000 2400 10     2.00 1
2201412   2137609.00   7030241.00  0000 2400 30     2.00 1
2201413   2137609.00   7030241.00  0000 2400 30     2.00 1
2201410   2137609.00   7030241.00  0000 2400 270     2.00 1
2201411   2137609.00   7030241.00  0000 2400 30     2.00 1
33396279   2138040.00   7030163.00  0000 2400 10     2.00 1
2202037   2139172.00   7031111.00  0000 2400 270     2.00 1
2202038   2139172.00   7031111.00  0000 2400 30     2.00 1
33396268   2139398.00   7030011.00  0000 2400 10     4.00 1
33396269   2139398.00   7030011.00  0000 2400 10     4.00 1
33396270   2139398.00   7030011.00  0000 2400 10     4.00 1
33396271   2139398.00   7030011.00  0000 2400 10     4.00 1
8664034   2140084.00   7030837.00  0000 2400 10     2.00 1
8664035   2140084.00   7030837.00  0000 2400 10     2.00 1
2200796   2139709.00   7029997.00  0000 2400 270     2.00 1
2200797   2139709.00   7029997.00  0000 2400 30     2.00 1
2200798   2139709.00   7029997.00  0000 2400 10     2.00 1
25950299   2139709.00   7029997.00  0000 2400 10     2.00 1
2202007   2140850.00   7030944.00  0000 2400 270     2.00 1
2191979   2139172.00   7031111.00  0000 2400 150     2.00 1
2191288   2139142.00   7031339.00  0000 2400 150     6.00 1
2191289   2139142.00   7031339.00  0000 2400 30     6.00 1
2191290   2139142.00   7031339.00  0000 2400 30     6.00 1
2191291   2139142.00   7031339.00  0000 2400 30     6.00 1
2199465   2140002.00   7032790.00  0800 2300 150     2.00 1
19156439   2139229.00   7033364.00  0000 2400 10     2.00 1
19156440   2139229.00   7033364.00  0000 2400 10     2.00 1
2196186   2139949.00   7033430.00  0000 2400 150    18.00 1
2194320   2141677.00   7033639.00  0000 2400 150     6.00 1
2195215   2141625.00   7033653.00  0000 2400 30     2.00 1
2195216   2141625.00   7033653.00  0000 2400 30     2.00 1
2195214   2141625.00   7033653.00  0000 2400 270     2.00 1
2199505   2140837.00   7035413.00  0000 2400 150     6.00 1
2199506   2140837.00   7035413.00  0000 2400 30     6.00 1
2198582   2142909.00   7034766.00  0000 2400 150     8.00 1
2198937   2146830.00   7034526.00  0000 1000 10    10.00 1
2195805   2146883.00   7034311.00  0000 2400 270     2.00 1
2195806   2146883.00   7034311.00  0000 2400 30     2.00 1
2195807   2146883.00   7034311.00  0000 2400 30     2.00 1
2195808   2146883.00   7034311.00  0000 2400 30     2.00 1
2199498   2142871.00   7035059.00  0000 2400 270     2.00 1
2199499   2142871.00   7035059.00  0000 2400 30     2.00 1
2249202   2142879.00   7034953.00  0000 2400 90     2.00 1
30784246   2142444.00   7033734.00  0000 2400 10     2.00 1
2191822   2143087.00   7031920.00  0730 2300 270     2.00 1
2191723   2142007.00   7029802.00  0000 2400 150     6.00 1
2203065   2142618.00   7029740.00  0000 2400 270     2.00 1
2203066   2142618.00   7029740.00  0000 2400 30     2.00 1
2201875   2143261.00   7029723.00  0000 2400 270     2.00 1
2197551   2142941.00   7031161.00  0000 2400 90    18.00 1
2198268   2144930.00   7031334.00  0000 2400 150    10.00 1
2194276   2144928.00   7030293.00  0000 2400 270     2.00 1
2194277   2144928.00   7030293.00  0000 2400 30     2.00 1
2190824   2145935.00   7029479.00  0000 2400 150     6.00 1
26321017   2144974.00   7029978.00  0000 2400 10     8.00 1
2200451   2146545.00   7029321.00  0000 2400 270     2.00 1
2200452   2146545.00   7029321.00  0000 2400 30     2.00 1
2199272   2146664.00   7027483.00  0000 2400 30     6.00 1
2199270   2146664.00   7027483.00  0000 2400 270     6.00 1
2199271   2146664.00   7027483.00  0000 2400 30     6.00 1
2199267   2146269.00   7028108.00  0000 2400 270     2.00 1
2199268   2146269.00   7028108.00  0000 2400 30     2.00 1
2199269   2146269.00   7028108.00  0000 2400 30     2.00 1
33705807   2144929.00   7031353.00  0000 2400 10     8.00 1
2192057   2139207.00   7030694.00  0000 2400 270     2.00 1
2192058   2139207.00   7030694.00  0000 2400 30     2.00 1
2192059   2139207.00   7030694.00  0000 2400 30     2.00 1
2191380   2146259.00   7034152.00  0000 2400 150    10.00 1
2493216   2144042.00   7033172.00  0000 2400 30     2.00 1
2493217   2144042.00   7033172.00  0000 2400 90     2.00 1
2493218   2144042.00   7033172.00  0000 2400 30     2.00 1
2493219   2144042.00   7033172.00  0000 2400 30     2.00 1
2198266   2143541.00   7033459.00  0000 2400 150     8.00 1
2194617   2144081.00   7033872.00  0000 2400 150     2.00 1
2194618   2144081.00   7033872.00  0000 2400 30     2.00 1
2194619   2144081.00   7033872.00  0000 2400 30     2.00 1
2194620   2144081.00   7033872.00  0000 2400 30     2.00 1
2198264   2143568.00   7032805.00  0000 2400 150     8.00 1
2198262   2143635.00   7032701.00  0000 2400 150     8.00 1
2197995   2139207.00   7030694.00  0000 2400 150     6.00 1
2197996   2139207.00   7030694.00  0000 2400 30     6.00 1
2197997   2139207.00   7030694.00  0000 2400 30     6.00 1
2194231   2144343.00   7034010.00  0000 2400 270     2.00 1
2194232   2144343.00   7034010.00  0000 2400 30     2.00 1
32406435   2143226.00   7033835.00  0000 2400 10     6.00 1
2191807   2145500.00   7039121.00  0000 2400 270     2.00 1
2191808   2145500.00   7039121.00  0000 2400 30     2.00 1
2191809   2145500.00   7039121.00  0000 2400 30     6.00 1
9937795   2145500.00   7039121.00  0000 2400 10     4.00 1
9937796   2145500.00   7039121.00  0000 2400 10     4.00 1
2610676   2144356.00   7038962.00  0000 2400 30     6.00 1
2610677   2144356.00   7038962.00  0000 2400 30     6.00 1
2610678   2144356.00   7038962.00  0000 2400 30     6.00 1
2610679   2144356.00   7038962.00  0000 2400 30     6.00 1
2610680   2144356.00   7038962.00  0000 2400 30     6.00 1
2610681   2144356.00   7038962.00  0000 2400 30     6.00 1
2610682   2144356.00   7038962.00  0000 2400 30     2.00 1
2610683   2144356.00   7038962.00  0000 2400 30     2.00 1
2610684   2144356.00   7038962.00  0000 2400 30     2.00 1
2610685   2144356.00   7038962.00  0000 2400 30     2.00 1
2201248   2138751.00   7041764.00  0000 2400 150     8.00 1
2201249   2138751.00   7041764.00  0000 2400 30     8.00 1
26150653   2137662.00   7040731.00  0000 2400 10     2.00 1
26320736   2137662.00   7040731.00  0000 2400 10     2.00 1
2191817   2142760.00   7037502.00  0000 2400 150     2.00 1
2299988   2139442.00   7036600.00  0000 2400 90     2.00 1
2299989   2139442.00   7036600.00  0000 2400 30     2.00 1
2199500   2138769.00   7036340.00  0000 2400 150     2.00 1
2191706   2138180.00   7035409.00  0000 2400 150     2.00 1
2191707   2138180.00   7035409.00  0000 2400 30     2.00 1
2202060   2138811.00   7035837.00  0000 2400 150     2.00 1
2201789   2139343.00   7035623.00  0000 2400 270     2.00 1
2194988   2140432.00   7033508.00  0000 2400 270     2.00 1
2194989   2140432.00   7033508.00  0000 2400 30     2.00 1
2194990   2140432.00   7033508.00  0000 2400 30     2.00 1
2194991   2140432.00   7033508.00  0000 2400 30     2.00 1
2203382   2140834.00   7034979.00  0000 2400 270     2.00 1
2203401   2138607.00   7034381.00  0000 2400 150     2.00 1
2203402   2138607.00   7034381.00  0000 2400 30     2.00 1
2203403   2138607.00   7034381.00  0000 2400 30     2.00 1
2199705   2138815.00   7035735.00  0000 2400 270     2.00 1
2201109   2133873.00   7034173.00  0000 2400 270     2.00 1
2201110   2133873.00   7034173.00  0000 2400 30     2.00 1
2201111   2133873.00   7034173.00  0000 2400 30     2.00 1
2203572   2134057.00   7034930.00  0000 2400 150     6.00 1
2199288   2135946.00   7035002.00  0000 2400 150     6.00 1
2191167   2136636.00   7035036.00  0000 2400 10     2.00 1
2193100   2084749.00   7042013.00  0700 2300 90     2.00 1
2193101   2084749.00   7042013.00  0700 2300 30     4.00 1
2193102   2084749.00   7042013.00  0700 2300 30     6.00 1
2193108   2084749.00   7042013.00  0700 2300 30     6.00 1
2191792   2084538.00   7044743.00  0000 2400 150     6.00 1
2197918   2073911.00   7046016.00  0000 0700 150     8.00 1
2197919   2073911.00   7046016.00  0000 0700 30     8.00 1
2197920   2073911.00   7046016.00  0000 0700 30     8.00 1
2197921   2073911.00   7046016.00  0000 0700 30     8.00 1
2197887   2086509.00   7049749.00  0000 2400 30     2.00 1
2197888   2086509.00   7049749.00  0000 2400 30     2.00 1
2197889   2086509.00   7049749.00  0000 2400 30     2.00 1
2197890   2086509.00   7049749.00  0000 2400 30     2.00 1
2197891   2086534.00   7049331.00  0000 2400 30     2.00 1
2197892   2086509.00   7049749.00  0000 2400 30     2.00 1
2197893   2086509.00   7049749.00  0000 2400 30     2.00 1
2197894   2086509.00   7049749.00  0000 2400 30     2.00 1
2197886   2086509.00   7049749.00  0000 2400 30     2.00 1
2197885   2086509.00   7049749.00  0000 2400 270     2.00 1
35683501   2086509.00   7049749.00  0000 2400 10     2.00 1
35683502   2086509.00   7049749.00  0000 2400 10     2.00 1
2193055   2086374.00   7051254.00  0000 0730 150     8.00 1
2196022   2083999.00   7050574.00  0000 1200 270     2.00 1
2196023   2083999.00   7050574.00  0000 1200 30     2.00 1
2200786   2083730.00   7054242.00  0000 2400 90     6.00 1
2193032   2083730.00   7051506.00  0000 1000 150     6.00 1
2198955   2082468.76   7048412.47  0000 2400 90     4.00 1
2198960   2082468.76   7048412.47  0000 2400 30     6.00 1
19156464   2084452.00   7045525.00  0000 2400 10     2.00 1
2190813   2088528.00   7043706.00  0000 2400 10     4.00 1
2196157   2084715.00   7042571.00  0700 2300 150     6.00 1
19156441   2082698.00   7052479.00  0000 2400 10    10.00 1
19156442   2082698.00   7052479.00  0000 2400 10    10.00 1
2191548   2082698.00   7052479.00  0000 2400 90     8.00 1
2191549   2082698.00   7052479.00  0000 2400 30     8.00 1
2191550   2082698.00   7052479.00  0000 2400 30     8.00 1
2191551   2082698.00   7052479.00  0000 2400 30     8.00 1
2191541   2082698.00   7052479.00  0000 2400 30    10.00 1
2191544   2082698.00   7052479.00  0000 2400 30     8.00 1
2191545   2082698.00   7052479.00  0000 2400 30     8.00 1
2191546   2082698.00   7052479.00  0000 2400 30     8.00 1
2191547   2082698.00   7052479.00  0000 2400 30     8.00 1
2191540   2082698.00   7052479.00  0000 2400 90    10.00 1
19156443   2082698.00   7052479.00  0000 2400 10     8.00 1
2191552   2082698.00   7052479.00  0000 2400 90     8.00 1
2191553   2082698.00   7052479.00  0000 2400 30     8.00 1
2191554   2082698.00   7052479.00  0000 2400 30     8.00 1
2191555   2082698.00   7052479.00  0000 2400 30     8.00 1
2191556   2082698.00   7052479.00  0000 2400 30     8.00 1
2192069   2081988.00   7053344.00  0000 2400 90     6.00 1
2198125   2073911.00   7046016.00  0000 2400 270     2.00 1
2191300   2073911.00   7046016.00  0000 2400 150     8.00 1
2190665   2079657.00   7044691.00  0000 2400 150     8.00 1
22891045   2079547.00   7047196.00  0000 2400 10     6.00 1
22891048   2079547.00   7047196.00  0000 2400 10     6.00 1
2191284   2079562.00   7046330.00  0000 2400 90     2.00 1
2190611   2079019.00   7046408.00  0000 2400 150     6.00 1
2197906   2073113.00   7055091.00  1000 2300 150     8.00 1
2203592   2063466.00   7053306.00  0000 1030 150     6.00 1
2203440   2074491.00   7049292.00  0000 2400 270     2.00 1
2203441   2074491.00   7049292.00  0000 2400 30     2.00 1
2203442   2074491.00   7049292.00  0000 2400 30     2.00 1
2193025   2073911.00   7046016.00  0000 2400 90     8.00 1
2202043   2062974.00   7042377.00  0000 2400 90     6.00 1
2190635   2075799.00   7044845.00  0000 2400 90     6.00 1
2191411   2076516.00   7045878.00  0000 2400 90     2.00 1
2191412   2076516.00   7045878.00  0000 2400 30     2.00 1
2191413   2076516.00   7045878.00  0000 2400 30     2.00 1
2191414   2076516.00   7045878.00  0000 2400 30     2.00 1
26376670   2076516.00   7045878.00  0000 2400 10     2.00 1
30528087   2073544.00   7047959.00  0000 2400 10    10.00 1
2190864   2072184.00   7054929.00  0000 1130 150     8.00 1
19156459   2075165.00   7048352.00  0000 2400 10     2.00 1
19156461   2075165.00   7048352.00  0000 2400 10     2.00 1
2190734   2076863.00   7046250.00  0000 2400 150     6.00 1
2193309   2076516.00   7045878.00  0000 2400 150    10.00 1
2190901   2075517.43   7046780.65  0000 2400 270     2.00 1
2190902   2075517.43   7046780.65  0000 2400 30     2.00 1
2190666   2077608.00   7050598.00  0000 2400 150     6.00 1
2197557   2079085.00   7051931.00  0000 2400 270     2.00 1
2197558   2079085.00   7051931.00  0000 2400 30     2.00 1
2192068   2079134.67   7051340.86  0000 2400 150     2.00 1
2299668   2079134.67   7051340.86  0000 2400 30     2.00 1
2192066   2081861.00   7055573.00  0000 2400 150     8.00 1
2192067   2081861.00   7055573.00  0000 2400 30     8.00 1
2203490   2083739.00   7054377.00  0000 2400 90     4.00 1
2190648   2083999.00   7050574.00  0000 2400 150     6.00 1
16312061   2081079.00   7060161.00  0000 2400 10     6.00 1
2199111   2079197.00   7058722.00  0000 2400 90     4.00 1
2199122   2079197.00   7058722.00  0000 2400 30     4.00 1
2199125   2079197.00   7058722.00  0000 2400 30     4.00 1
2199126   2079197.00   7058722.00  0000 2400 30     4.00 1
2199127   2079197.00   7058722.00  0000 2400 30     4.00 1
2199128   2079197.00   7058722.00  0000 2400 30     4.00 1
2199129   2079197.00   7058722.00  0000 2400 30     4.00 1
2199130   2079197.00   7058722.00  0000 2400 30     4.00 1
2199131   2079197.00   7058722.00  0000 2400 30     4.00 1
2199112   2079197.00   7058722.00  0000 2400 30     4.00 1
2199113   2079197.00   7058722.00  0000 2400 30     4.00 1
2199114   2079197.00   7058722.00  0000 2400 30     4.00 1
2199115   2079197.00   7058722.00  0000 2400 30     4.00 1
2199116   2079197.00   7058722.00  0000 2400 30     4.00 1
2199117   2079197.00   7058722.00  0000 2400 30     4.00 1
2199118   2079197.00   7058722.00  0000 2400 30     4.00 1
2199119   2079197.00   7058722.00  0000 2400 30     4.00 1
2199120   2079197.00   7058722.00  0000 2400 30     4.00 1
2199121   2079197.00   7058722.00  0000 2400 30     4.00 1
2199123   2079197.00   7058722.00  0000 2400 30     4.00 1
2199124   2079197.00   7058722.00  0000 2400 30     4.00 1
2199132   2079197.00   7058722.00  0000 2400 30     8.00 1
2199133   2079197.00   7058722.00  0000 2400 30     8.00 1
2196649   2078355.00   7007797.00  0000 2400 270     2.00 1
2196650   2078355.00   7007797.00  0000 2400 30     2.00 1
31441340   2071724.00   7007996.00  0000 2400 10     6.00 1
2197945   2076070.00   7011277.00  0000 2400 90     4.00 1
2191120   2077874.00   7012770.00  0000 2400 90     4.00 1
2190623   2078372.00   7013544.00  0000 2400 150     4.00 1
2199577   2079776.00   7018205.00  0000 2400 90     6.00 1
2190625   2079776.00   7018205.00  0000 2400 90     4.00 1
2190641   2076166.00   7023389.00  0000 2400 10     2.00 1
2190642   2076166.00   7023389.00  0000 2400 10     2.00 1
2190643   2076166.00   7023389.00  0000 2400 10     2.00 1
2190644   2076166.00   7023389.00  0000 2400 10     2.00 1
2190645   2076166.00   7023389.00  0000 2400 10     2.00 1
33396289   2072636.00   7023451.00  0000 2400 10     8.00 1
2190557   2071190.00   7022093.00  0000 2400 390    15.00 1
2190815   2070630.00   7021897.00  0000 2400 270     2.00 1
2195566   2070429.00   7022373.00  0000 2400 10    10.00 1
2190534   2070441.00   7022444.00  0000 2400 90     2.00 1
2194910   2071627.00   7023495.00  0000 2400 90     6.00 1
22410721   2071601.00   7023737.00  0000 2400 10     2.00 1
2201224   2071343.00   7027014.00  0000 2400 90     8.00 1
2191265   2073325.92   7026963.13  0000 2400 150     6.00 1
2191266   2073325.92   7026963.13  0000 2400 30     6.00 1
33363005   2072544.00   7029511.00  0000 2400 10     6.00 1
33396285   2071581.00   7029574.00  0000 2400 10     8.00 1
2203361   2070387.00   7031108.00  0000 2400 10     6.00 1
33396264   2072059.00   7034541.00  0000 2400 10     4.00 1
2190759   2070249.00   7030755.00  0000 2400 150     6.00 1
2194665   2065456.00   7027968.00  0000 2400 90     2.00 1
2196135   2065407.00   7027928.00  0000 2400 270     2.00 1
2196136   2065407.00   7027928.00  0000 2400 30     2.00 1
2203202   2064010.00   7029412.00  0000 2400 270     2.00 1
2203203   2064010.00   7029412.00  0000 2400 30     2.00 1
2203298   2064010.00   7029412.00  0000 2400 150     6.00 1
2197863   2067908.00   7024744.10  0000 2400 270     2.00 1
2197864   2067908.00   7024744.10  0000 2400 30     2.00 1
2197865   2067908.00   7024744.10  0000 2400 30     2.00 1
2197866   2067908.00   7024744.10  0000 2400 30     2.00 1
2197867   2067908.00   7024744.10  0000 2400 30     2.00 1
2197136   2070572.45   7024089.00  0000 2400 10     2.00 1
2197137   2070572.45   7024089.00  0000 2400 10     2.00 1
2197138   2070572.45   7024089.00  0000 2400 10     2.00 1
2191793   2070559.00   7018966.00  0000 2400 90     6.00 1
2191794   2070559.00   7018966.00  0000 2400 30     6.00 1
2191795   2070559.00   7018966.00  0000 2400 30     6.00 1
2191796   2070559.00   7018966.00  0000 2400 30     6.00 1
2191797   2070559.00   7018966.00  0000 2400 30     8.00 1
2191798   2070559.00   7018966.00  0000 2400 30     8.00 1
2190829   2071611.00   7019935.00  0000 2400 270     2.00 1
2190830   2071611.00   7019935.00  0000 2400 30     2.00 1
2190892   2071366.00   7018427.00  0000 2400 270     2.00 1
2507276   2072038.00   7018670.00  0000 2400 90     4.00 1
2192053   2071668.00   7018429.00  0000 2400 150     6.00 1
19156481   2071508.00   7024771.00  0000 2400 10     6.00 1
2190690   2070052.00   7017559.00  0000 2400 150     6.00 1
19156483   2069466.00   7017778.00  0000 2400 10     8.00 1
2192927   2070444.00   7015674.00  0000 2400 90     8.00 1
2192928   2070444.00   7015674.00  0000 2400 30     8.00 1
2192929   2070444.00   7015674.00  0000 2400 30     8.00 1
2203296   2071352.00   7017007.00  0000 2400 10     8.00 1
2203297   2071352.00   7017007.00  0000 2400 10     8.00 1
2191198   2071757.00   7016624.00  0000 2400 90     8.00 1
2191199   2071757.00   7016624.00  0000 2400 30     8.00 1
8043212   2071757.00   7016624.00  0000 2400 10     8.00 1
2203292   2072028.00   7018325.00  0000 2400 90     8.00 1
2202100   2069162.00   7014994.00  0000 2400 30     2.00 1
2202099   2069162.00   7014994.00  0000 2400 270     2.00 1
2191096   2065673.00   7032028.00  0000 2400 90     6.00 1
2203671   2062422.00   7032325.00  0000 2400 10     6.00 1
2190844   2066176.00   7031154.00  0000 2400 270     8.00 1
2190845   2066176.00   7031154.00  0000 2400 30     2.00 1
5898699   2065713.00   7031187.00  0000 2400 10     6.00 1
2190748   2068768.00   7030570.00  0000 2400 150     6.00 1
2190749   2068768.00   7030570.00  0000 2400 30     2.00 1
2197133   2069556.00   7034560.00  0000 2400 90     6.00 1
16312062   2069556.00   7034560.00  0000 2400 10     8.00 1
12226725   2067424.00   7035272.00  0000 2400 10     8.00 1
28926917   2067960.00   7036295.00  0000 2400 10     4.00 1
28926918   2067960.00   7036295.00  0000 2400 10     4.00 1
2191527   2064207.00   7036597.00  0000 2400 150    10.00 1
28926916   2064207.00   7036597.00  0000 2400 10    10.00 1
2201988   2064119.00   7039407.00  0000 2400 150    10.00 1
2493202   2064408.00   7039275.00  0000 2400 30    10.00 1
2493213   2064716.00   7039040.00  0000 2400 30     2.00 1
2493214   2064716.00   7039040.00  0000 2400 30     2.00 1
35719810   2064917.00   7038908.00  0000 2400 10     8.00 1
35719811   2065004.00   7038774.00  0000 2400 10     8.00 1
2493209   2064678.00   7039040.00  0000 2400 30    10.00 1
33412912   2064951.00   7015605.00  0000 2400 10     4.00 1
33412913   2064951.00   7015605.00  0000 2400 10     6.00 1
7753221   2077496.00   7034748.00  0000 2400 10     2.00 1
7753222   2077496.00   7034748.00  0000 2400 10     2.00 1
10019610   2077496.00   7034748.00  0000 2400 10     2.00 1
2193373   2077265.00   7035010.00  0000 2400 10     8.00 1
2198393   2077822.00   7036857.00  0000 2400 90     8.00 1
2201263   2078859.00   7036813.00  0000 2400 10     8.00 1
2455426   2079432.00   7036785.00  0000 2400 90     8.00 1
2198025   2079456.00   7036767.00  0000 2400 90     8.00 1
23785573   2074320.00   7036589.00  0000 2400 10    18.00 1
2194639   2073954.00   7036106.00  0000 2400 90     8.00 1
2191430   2074067.00   7035624.00  0000 2400 150     8.00 1
31717103   2076254.00   7035899.00  0000 2400 10     2.00 1
31717104   2076254.00   7035899.00  0000 2400 10     2.00 1
28692238   2076119.00   7035817.00  0000 2400 10     8.00 1
28692241   2075928.00   7035801.00  0000 2400 10     8.00 1
28692239   2075509.00   7035745.00  0000 2400 10     8.00 1
31341935   2075318.00   7035728.00  0000 2400 10     2.00 1
31341936   2075318.00   7035728.00  0000 2400 10     2.00 1
31341937   2075318.00   7035728.00  0000 2400 10     2.00 1
31341938   2075318.00   7035728.00  0000 2400 10     2.00 1
28692243   2075015.00   7035702.00  0000 2400 10     8.00 1
2195772   2074480.00   7031095.00  0000 2400 270    18.00 1
2191181   2075034.00   7031157.00  0000 2400 90     4.00 1
2197735   2071271.43   7025726.75  0700 2300 270     2.00 1
2197736   2071271.43   7025726.75  0700 2300 30     2.00 1
2197737   2071271.43   7025726.75  0700 2300 30     2.00 1
2197738   2071271.43   7025726.75  0700 2300 30     2.00 1
35383958   2108036.00   6966886.00  0000 2400 10     6.00 1
35383959   2108036.00   6966886.00  0000 2400 10     6.00 1
2199681   2115399.00   6991336.00  0000 2400 270     2.00 1
2199682   2115399.00   6991336.00  0000 2400 30     2.00 1
2199680   2115399.00   6991336.00  0000 2400 270     2.00 1
2199695   2115399.00   6991336.00  0000 2400 150     6.00 1
2249196   2115399.00   6991336.00  0000 2400 10     2.00 1
2200736   2115399.00   6991336.00  0000 2400 270     2.00 1
2202042   2126092.30   6991484.72  0000 2400 270    10.00 1
12226737   2123190.00   6989753.00  0000 2400 10     8.00 1
2201310   2126922.00   6991540.00  0000 2400 150     4.00 1
2197571   2128645.00   6991616.00  0000 2400 150     8.00 1
2202365   2128355.00   6991604.00  0000 2400 270     2.00 1
2196644   2129308.00   6991640.00  0000 2400 90     4.00 1
19156408   2129475.00   6991646.00  0000 2400 10     6.00 1
2193358   2128124.00   6991613.00  0000 2400 150     6.00 1
2197170   2126288.00   6993153.00  0000 2400 150     6.00 1
2198029   2127369.00   6992840.00  0000 2400 270    18.00 1
2194487   2126288.00   6993153.00  0000 2400 270    18.00 1
2299978   2127743.00   6995988.00  0000 2400 10     8.00 1
2191402   2127743.00   6995988.00  0000 2400 270     2.00 1
2191403   2127743.00   6995988.00  0000 2400 30     2.00 1
32059593   2126393.00   6995886.00  0000 2400 10     2.00 1
29350173   2125729.00   6995692.00  0000 2400 10     8.00 1
2199398   2125183.00   6994113.00  0000 2400 10     2.00 1
2199399   2125183.00   6994113.00  0000 2400 10     2.00 1
2193424   2124738.00   6992865.00  0000 2400 270     2.00 1
2193425   2124738.00   6992865.00  0000 2400 30     2.00 1
2193426   2124738.00   6992865.00  0000 2400 30     2.00 1
2193427   2124738.00   6992865.00  0000 2400 30     2.00 1
2201260   2126558.00   6991532.00  0000 2400 30     2.00 1
2201261   2126558.00   6991532.00  0000 2400 30     2.00 1
33054129   2126558.00   6991532.00  0000 2400 10     2.00 1
2202399   2126056.00   7000606.00  0000 2400 90     8.00 1
2194291   2124652.00   7004851.00  0000 1030 30     2.00 1
2194292   2124652.00   7004851.00  0000 1030 30     2.00 1
2194287   2124652.00   7004851.00  0000 1030 390     2.00 1
2194288   2124652.00   7004851.00  0000 1030 30     2.00 1
2194289   2124652.00   7004851.00  0000 1030 30     2.00 1
2194290   2124652.00   7004851.00  0000 1030 30     2.00 1
2196629   2122884.00   7006766.00  0000 2400 270     2.00 1
2196630   2122884.00   7006766.00  0000 2400 30     2.00 1
2196631   2122884.00   7006766.00  0000 2400 30     2.00 1
2196632   2122884.00   7006766.00  0000 2400 30     2.00 1
2196633   2122884.00   7006766.00  0000 2400 30     2.00 1
2196634   2122884.00   7006766.00  0000 2400 30     2.00 1
2197062   2132986.00   7000008.00  0000 2400 10     8.00 1
33363008   2117048.00   7003015.00  0000 2400 10     4.00 1
33462876   2117002.00   7004188.00  0000 2400 10     2.00 1
33462875   2117002.00   7004188.00  0000 2400 10     2.00 1
2191309   2102841.93   6982834.30  0000 2400 90     2.00 1
2191310   2108036.00   6966886.00  0000 2400 150     2.00 1
2191311   2108036.00   6966886.00  0000 2400 30     2.00 1
29905125   2101576.00   7003738.00  0000 2400 10    10.00 1
21738223   2118050.00   6990724.00  0000 2400 10     6.00 1
12809587   2118171.00   6991283.00  0000 2400 10     6.00 1
29350159   2118385.00   6991279.00  0000 2400 10     6.00 1
2197398   2118598.00   6994493.00  0000 2400 270     2.00 1
2197399   2118598.00   6994493.00  0000 2400 30     2.00 1
2197400   2118598.00   6994493.00  0000 2400 30     2.00 1
2200609   2118557.33   6994442.82  0000 2400 270     2.00 1
2200610   2118557.33   6994442.82  0000 2400 30     2.00 1
2200611   2118557.33   6994442.82  0000 2400 30     2.00 1
2200612   2118557.33   6994442.82  0000 2400 30     2.00 1
2200613   2118557.33   6994442.82  0000 2400 30     2.00 1
2203772   2118550.83   6994456.59  0000 2400 10     2.00 1
10054543   2120798.00   6991271.00  0000 2400 10     6.00 1
2200886   2121098.00   6987746.00  0000 2400 90     4.00 1
2200887   2121098.00   6987746.00  0000 2400 30    10.00 1
2200888   2121098.00   6987746.00  0000 2400 30     8.00 1
2200889   2121098.00   6987746.00  0000 2400 30     8.00 1
2200890   2121098.00   6987746.00  0000 2400 30     8.00 1
2197685   2129974.00   6987968.00  0000 2400 270     2.00 1
2197686   2129974.00   6987968.00  0000 2400 30     2.00 1
2197687   2129974.00   6987968.00  0000 2400 30     2.00 1
2203804   2127287.00   6988569.00  0000 2400 30     2.00 1
2203802   2127287.00   6988569.00  0000 2400 270     2.00 1
2203803   2127287.00   6988569.00  0000 2400 30     2.00 1
32320135   2127287.00   6988569.00  0000 2400 10     2.00 1
12226698   2125076.00   6982205.00  0000 2400 10     8.00 1
27334978   2127097.00   6979118.00  0000 2400 10     2.00 1
26085801   2131212.00   6983600.00  0000 2400 10     2.00 1
26085802   2131212.00   6983600.00  0000 2400 10     2.00 1
26085803   2131212.00   6983600.00  0000 2400 10     2.00 1
26085804   2131212.00   6983600.00  0000 2400 10     2.00 1
2196259   2126555.00   6985902.00  0000 2400 150     8.00 1
2191341   2129564.00   6993950.00  0000 2400 30     2.00 1
2191342   2129564.00   6993950.00  0000 2400 30     2.00 1
2191343   2129564.00   6993950.00  0000 2400 30     2.00 1
2191344   2129564.00   6993950.00  0000 2400 30     2.00 1
2191345   2129564.00   6993950.00  0000 2400 30     2.00 1
2191346   2129564.00   6993950.00  0000 2400 30     2.00 1
2191348   2129564.00   6993950.00  0000 2400 30     2.00 1
2191349   2129564.00   6993950.00  0000 2400 30     2.00 1
2191350   2129564.00   6993950.00  0000 2400 30     2.00 1
2191351   2129564.00   6993950.00  0000 2400 30     2.00 1
2191352   2129564.00   6993950.00  0000 2400 30     2.00 1
2191336   2129564.00   6993950.00  0000 2400 270     2.00 1
2191347   2129564.00   6993950.00  0000 2400 30     2.00 1
2191353   2129564.00   6993950.00  0000 2400 30     2.00 1
2191354   2129564.00   6993950.00  0000 2400 30     2.00 1
2191355   2129564.00   6993950.00  0000 2400 30     2.00 1
2191356   2129564.00   6993950.00  0000 2400 30     2.00 1
2191357   2129564.00   6993950.00  0000 2400 30     2.00 1
2191358   2129564.00   6993950.00  0000 2400 30     2.00 1
2191359   2129564.00   6993950.00  0000 2400 30     2.00 1
2191337   2129564.00   6993950.00  0000 2400 30     2.00 1
2191338   2129564.00   6993950.00  0000 2400 30     2.00 1
2191339   2129564.00   6993950.00  0000 2400 30     2.00 1
2191340   2129564.00   6993950.00  0000 2400 30     2.00 1
2195593   2125834.00   6997588.00  0000 2400 30     2.00 1
2195573   2125834.00   6997588.00  0000 2400 30     2.00 1
2195574   2125834.00   6997588.00  0000 2400 30     2.00 1
2195575   2125834.00   6997588.00  0000 2400 30     2.00 1
2195576   2125834.00   6997588.00  0000 2400 30     2.00 1
2195577   2125834.00   6997588.00  0000 2400 30     2.00 1
2195578   2125834.00   6997588.00  0000 2400 30     2.00 1
2195579   2125834.00   6997588.00  0000 2400 30     2.00 1
2195580   2125834.00   6997588.00  0000 2400 30     2.00 1
2195581   2125834.00   6997588.00  0000 2400 30     2.00 1
2195582   2125834.00   6997588.00  0000 2400 30     2.00 1
2195584   2125834.00   6997588.00  0000 2400 30     2.00 1
2195585   2125834.00   6997588.00  0000 2400 30     2.00 1
2195586   2125834.00   6997588.00  0000 2400 30     2.00 1
2195587   2125834.00   6997588.00  0000 2400 30     2.00 1
2195588   2125834.00   6997588.00  0000 2400 30     2.00 1
2195589   2125834.00   6997588.00  0000 2400 30     2.00 1
2195590   2125834.00   6997588.00  0000 2400 30     2.00 1
2195591   2125834.00   6997588.00  0000 2400 30     2.00 1
2195592   2125834.00   6997588.00  0000 2400 30     2.00 1
2195572   2125834.00   6997588.00  0000 2400 270     2.00 1
2195583   2125834.00   6997588.00  0000 2400 30     2.00 1
2195594   2125834.00   6997588.00  0000 2400 30     2.00 1
2195595   2125834.00   6997588.00  0000 2400 30     2.00 1
2195596   2125834.00   6997588.00  0000 2400 30     2.00 1
2195597   2125834.00   6997588.00  0000 2400 30     2.00 1
2195598   2125834.00   6997588.00  0000 2400 30     2.00 1
2195599   2125834.00   6997588.00  0000 2400 30     2.00 1
2195600   2125834.00   6997588.00  0000 2400 30     2.00 1
35705592   2095882.00   7026476.00  0000 2400 10     2.00 1
35705593   2095882.00   7026476.00  0000 2400 10     2.00 1
2196264   2083850.00   7017575.00  0000 2400 150     6.00 1
2191410   2083861.00   7017634.00  0000 2400 90     4.00 1
2191285   2080049.00   7023735.00  0000 2400 90     4.00 1
2190890   2080348.00   7023592.00  0000 2400 150     6.00 1
2191097   2080801.00   7023810.00  0000 2400 270     2.00 1
2190750   2079523.00   7024354.00  0000 2400 90     2.00 1
33413525   2080051.00   7025011.00  0000 2400 10     4.00 1
33412914   2080215.00   7025418.00  0000 2400 10     2.00 1
2191538   2079473.00   7025062.00  0000 2400 10     8.00 1
2195317   2079110.00   7024583.00  0000 2400 270     2.00 1
2195318   2079110.00   7024583.00  0000 2400 30     2.00 1
33156218   2079036.95   7025337.76  0000 2400 10     2.00 1
2203999   2079036.95   7025337.76  0000 2400 10     2.00 1
2204000   2079036.95   7025337.76  0000 2400 10     2.00 1
33541281   2079036.95   7025337.76  0000 2400 10     2.00 1
2190846   2079486.00   7029658.00  0000 0700 150    10.00 1
33396288   2078635.00   7025451.00  0000 2400 10     2.00 1
2299595   2078313.24   7024799.08  0000 2400 10     6.00 1
2191223   2079068.00   7024532.00  0000 2400 270     2.00 1
2191224   2079068.00   7024532.00  0000 2400 30     2.00 1
30388721   2079466.00   7023214.00  0000 2400 10     2.00 1
30388722   2079466.00   7023214.00  0000 2400 10     2.00 1
32320172   2078951.00   7023827.00  0000 2400 10     8.00 1
32320171   2079140.00   7023817.00  0000 2400 10     0.00 1
32320137   2079141.00   7023799.00  0000 2400 10     0.00 1
32320154   2079141.00   7023808.00  0000 2400 10     0.00 1
32320136   2078937.00   7023814.00  0000 2400 10     0.00 1
32320170   2078936.00   7023987.00  0000 2400 10     0.00 1
2493210   2079209.00   7023463.00  0000 2400 30     2.00 1
2493211   2079209.00   7023463.00  0000 2400 90     2.00 1
2493212   2079209.00   7023463.00  0000 2400 30     2.00 1
8947423   2079234.00   7023428.00  0000 2400 10     2.00 1
2192930   2079596.00   7023321.00  0000 2400 150     8.00 1
2194659   2079764.00   7022786.00  0000 2400 90     6.00 1
33412915   2080950.00   7027011.00  0000 2400 10     2.00 1
33413539   2080717.00   7026574.00  0000 2400 10     8.00 1
19156463   2080951.00   7026972.00  0000 2400 10     6.00 1
2190555   2081194.00   7027181.00  0000 2400 390    15.00 1
2201433   2083200.00   7031933.00  0000 2400 150     8.00 1
2197249   2083165.00   7031852.00  0000 2400 150     8.00 1
2194653   2082850.00   7030954.00  0000 2400 270     2.00 1
2191953   2082982.00   7027292.00  0000 2400 270     2.00 1
2194355   2082982.00   7027292.00  0000 2400 270     2.00 1
2198186   2082982.00   7027292.00  0000 2400 270     2.00 1
19156525   2082982.00   7027292.00  0000 2400 10     4.00 1
2197707   2082982.00   7027292.00  0000 2400 270     2.00 1
2191263   2085311.00   7025050.00  0000 2400 90     8.00 1
2191264   2085311.00   7025050.00  0000 2400 30     8.00 1
2194622   2085410.00   7024106.00  0000 2400 270     2.00 1
2194623   2085410.00   7024106.00  0000 2400 30     2.00 1
2197717   2085311.00   7025050.00  0000 2400 270     2.00 1
2197718   2085311.00   7025050.00  0000 2400 30     2.00 1
2197719   2085311.00   7025050.00  0000 2400 30     2.00 1
22007095   2085813.00   7023550.00  0000 2400 10     2.00 1
2197392   2085741.00   7023552.00  0000 2400 150     8.00 1
2190609   2085971.00   7020807.00  0000 2400 10     2.00 1
2190608   2085971.00   7020807.00  0000 2400 10     2.00 1
2191205   2081026.82   7021208.14  0000 2400 10    18.00 1
2191559   2081541.00   7020408.00  0000 2400 30     8.00 1
2191560   2081541.00   7020408.00  0000 2400 30     8.00 1
2191561   2081541.00   7020408.00  0000 2400 30     8.00 1
2191562   2081541.00   7020408.00  0000 2400 30     8.00 1
2507235   2081541.00   7020408.00  0000 2400 30     8.00 1
2203727   2080906.10   7021136.52  0000 2400 150    10.00 1
2191950   2083863.00   7014687.00  0000 2400 90     8.00 1
2194907   2086611.62   6996390.21  0000 2400 90     8.00 1
2191788   2077766.00   6986939.00  0000 2400 10    18.00 1
2455388   2077766.00   6986939.00  0000 2400 10     6.00 1
2190908   2076829.00   6993821.00  0000 2400 90     6.00 1
2190909   2076829.00   6993821.00  0000 2400 30     6.00 1
30648636   2076750.00   6996201.00  0000 2400 10     8.00 1
2193185   2077135.00   6975420.00  0000 2400 90     6.00 1
2194914   2077135.00   6975420.00  0000 2400 90     6.00 1
2194913   2077135.00   6975420.00  0000 2400 90     6.00 1
2194455   2077628.00   7002460.00  0000 2400 90     2.00 1
2194456   2077628.00   7002460.00  0000 2400 30     2.00 1
2194457   2077628.00   7002460.00  0000 2400 30     2.00 1
2194458   2077628.00   7002460.00  0000 2400 30     2.00 1
2194459   2077628.00   7002460.00  0000 2400 30     2.00 1
2191095   2077051.00   7005478.00  0000 2400 10     2.00 1
19156538   2076846.00   7008342.00  0000 2400 10     4.00 1
2200590   2075388.00   7012274.00  0700 2300 150     2.00 1
33413535   2075415.00   7012052.00  0000 2400 10     4.00 1
2200774   2071959.00   7007998.00  0000 2400 270     2.00 1
2197183   2071871.00   7007981.00  0000 2400 270     2.00 1
2197184   2071871.00   7007981.00  0000 2400 30     2.00 1
2197185   2071871.00   7007981.00  0000 2400 30     2.00 1
2197186   2071871.00   7007981.00  0000 2400 30     2.00 1
2197187   2071871.00   7007981.00  0000 2400 30     2.00 1
30388716   2064813.00   7019225.00  0000 2400 10     6.00 1
2194657   2064774.00   7018553.00  0000 2400 150     8.00 1
2195724   2064809.00   7019583.00  0000 2400 10     8.00 1
2197576   2064805.00   7019852.00  0000 2400 150     8.00 1
2203040   2064802.00   7020067.00  0000 2400 10     6.00 1
2195366   2064805.00   7019130.00  0000 2400 10     8.00 1
2195481   2064739.00   7018208.00  0000 2400 10     8.00 1
19156512   2064738.00   7018170.00  0000 2400 10     4.00 1
2195280   2064208.00   7017751.00  0000 2400 270     2.00 1
2197702   2064280.00   7017769.00  0000 2400 270     2.00 1
2197703   2064280.00   7017769.00  0000 2400 30     2.00 1
2201602   2065436.51   7003867.67  0000 2400 270     4.00 1
2203355   2065538.36   7003108.78  0000 2400 10     8.00 1
2203356   2065538.36   7003108.78  0000 2400 10     8.00 1
33396265   2133850.00   7030754.00  0000 2400 10     2.00 1
33541542   2133804.00   7031667.00  0000 2400 10     0.00 1
33541543   2133804.00   7031667.00  0000 2400 10     0.00 1
35383961   2133850.00   7032670.00  0000 2400 10     2.00 1
35383960   2133850.00   7032670.00  0000 2400 10     2.00 1
33413522   2130700.00   7032197.00  0000 2400 10     2.00 1
33413523   2130700.00   7032197.00  0000 2400 10     4.00 1
2193131   2132075.00   7032405.00  0000 2400 270     2.00 1
2193132   2132075.00   7032405.00  0000 2400 30     2.00 1
33396278   2132217.00   7032424.00  0000 2400 10     2.00 1
2192080   2132482.00   7032460.00  0000 2400 270     2.00 1
2190855   2133350.00   7031206.00  0000 2400 90     8.00 1
2190705   2133533.00   7032626.00  0000 2400 90     2.00 1
19156548   2133791.00   7031589.00  0000 2400 10     6.00 1
2199489   2133860.00   7030608.00  0000 2400 30     2.00 1
2199490   2133860.00   7030608.00  0000 2400 30     2.00 1
2199491   2133860.00   7030608.00  0000 2400 30     2.00 1
2199492   2133860.00   7030608.00  0000 2400 30     2.00 1
2199493   2133860.00   7030608.00  0000 2400 30     2.00 1
2199494   2133860.00   7030608.00  0000 2400 30     2.00 1
2199488   2133860.00   7030608.00  0000 2400 270     2.00 1
33541517   2133825.00   7031400.00  0000 2400 10     0.00 1
33541518   2133825.00   7031400.00  0000 2400 10     0.00 1
10990552   2133785.00   7031919.00  0000 2400 10    18.00 1
33413526   2133778.00   7032007.00  0000 2400 10     6.00 1
2610662   2133710.00   7032566.00  0000 2400 30     2.00 1
2203330   2136465.00   7033018.00  0000 2400 150    18.00 1
29350179   2137812.00   7033188.00  0000 2400 10     6.00 1
24538243   2137812.00   7033188.00  0000 2400 10    18.00 1
2200749   2135265.00   7032858.00  0000 2400 150     6.00 1
2204048   2134139.00   7032708.00  0000 2400 30     2.00 1
2202357   2133011.00   7032552.00  0000 2400 90     8.00 1
2201421   2135797.00   7032931.00  0000 2400 270     2.00 1
2198111   2130492.00   7032187.00  0000 2400 270     2.00 1
2191129   2125994.00   7031522.00  0000 2400 90     6.00 1
2194683   2128281.00   7031849.00  0000 2400 90     8.00 1
2204041   2127997.00   7029361.00  0000 2400 270     2.00 1
2194766   2129459.00   7031951.00  0000 2400 270     4.00 1
2190679   2130078.00   7030844.00  0000 2400 30     8.00 1
2190680   2130078.00   7030844.00  0000 2400 30     8.00 1
2190681   2130078.00   7030844.00  0000 2400 30     8.00 1
2455387   2130078.00   7030844.00  0000 2400 30     8.00 1
2190672   2130078.00   7030844.00  0000 2400 90     8.00 1
2190682   2130078.00   7030844.00  0000 2400 30     8.00 1
2190683   2130078.00   7030844.00  0000 2400 30     8.00 1
2190684   2130078.00   7030844.00  0000 2400 30     8.00 1
2190685   2130078.00   7030844.00  0000 2400 30     8.00 1
2190686   2130078.00   7030844.00  0000 2400 30     8.00 1
2190687   2130078.00   7030844.00  0000 2400 30     8.00 1
2190688   2130078.00   7030844.00  0000 2400 30     8.00 1
2190689   2130078.00   7030844.00  0000 2400 30     8.00 1
2190673   2130078.00   7030844.00  0000 2400 30     8.00 1
2190674   2130078.00   7030844.00  0000 2400 30     8.00 1
2190675   2130078.00   7030844.00  0000 2400 30     8.00 1
2190676   2130078.00   7030844.00  0000 2400 30     8.00 1
2190677   2130078.00   7030844.00  0000 2400 30     8.00 1
2190678   2130078.00   7030844.00  0000 2400 30     8.00 1
2191156   2129650.00   7030823.00  0000 2400 30     6.00 1
2191159   2129650.00   7030823.00  0000 2400 30     6.00 1
2191160   2129650.00   7030823.00  0000 2400 30     6.00 1
2191161   2129650.00   7030823.00  0000 2400 30     6.00 1
2191162   2129650.00   7030823.00  0000 2400 30     6.00 1
2191163   2129650.00   7030823.00  0000 2400 30     6.00 1
2191164   2129650.00   7030823.00  0000 2400 30     6.00 1
2191165   2129650.00   7030823.00  0000 2400 30     6.00 1
2191166   2129650.00   7030823.00  0000 2400 30     6.00 1
2191157   2129650.00   7030823.00  0000 2400 30     6.00 1
2191158   2129650.00   7030823.00  0000 2400 30     6.00 1
26694093   2129650.00   7030823.00  0000 2400 10     6.00 1
2190610   2130561.00   7031785.00  0000 2400 90     2.00 1
2191753   2131876.00   7032758.00  0000 2400 30     6.00 1
2191754   2131876.00   7032758.00  0000 2400 30     6.00 1
2191755   2131876.00   7032758.00  0000 2400 30     6.00 1
2191756   2131876.00   7032758.00  0000 2400 30     6.00 1
2191757   2131876.00   7032758.00  0000 2400 30     6.00 1
7753143   2131876.00   7032758.00  0000 2400 10     6.00 1
7753144   2131876.00   7032758.00  0000 2400 10     6.00 1
7753145   2131876.00   7032758.00  0000 2400 10     6.00 1
7753146   2131876.00   7032758.00  0000 2400 10     6.00 1
7753147   2131876.00   7032758.00  0000 2400 10     6.00 1
7753148   2131876.00   7032758.00  0000 2400 10     6.00 1
7753149   2131876.00   7032758.00  0000 2400 10     6.00 1
7753150   2131876.00   7032758.00  0000 2400 10     6.00 1
7753151   2131876.00   7032758.00  0000 2400 10     6.00 1
7753152   2131876.00   7032758.00  0000 2400 10     6.00 1
7753153   2131876.00   7032758.00  0000 2400 10     6.00 1
7753154   2131876.00   7032758.00  0000 2400 10     6.00 1
7753155   2131876.00   7032758.00  0000 2400 10     6.00 1
7753156   2131876.00   7032758.00  0000 2400 10     6.00 1
7753157   2131876.00   7032758.00  0000 2400 10     6.00 1
7753158   2131876.00   7032758.00  0000 2400 10     6.00 1
7753159   2131876.00   7032758.00  0000 2400 10     6.00 1
7753160   2131876.00   7032758.00  0000 2400 10     6.00 1
7753161   2131876.00   7032758.00  0000 2400 10     6.00 1
7753162   2131876.00   7032758.00  0000 2400 10     6.00 1
2191727   2131876.00   7032758.00  0000 2400 270     2.00 1
2191728   2131876.00   7032758.00  0000 2400 30     2.00 1
7753142   2131876.00   7032758.00  0000 2400 10     2.00 1
2191750   2131876.00   7032758.00  0000 2400 30     6.00 1
2191751   2131876.00   7032758.00  0000 2400 30     6.00 1
2191752   2131876.00   7032758.00  0000 2400 30     6.00 1
2195914   2133258.00   7034303.00  0000 2400 30     2.00 1
2195915   2133258.00   7034303.00  0000 2400 30     2.00 1
2195916   2133258.00   7034303.00  0000 2400 30     2.00 1
2195917   2133258.00   7034303.00  0000 2400 30     2.00 1
2195884   2133258.00   7034303.00  0000 2400 30     2.00 1
2195886   2133258.00   7034303.00  0000 2400 30     2.00 1
2195887   2133258.00   7034303.00  0000 2400 30     2.00 1
2195888   2133258.00   7034303.00  0000 2400 30     2.00 1
2195889   2133258.00   7034303.00  0000 2400 30     2.00 1
2195890   2133258.00   7034303.00  0000 2400 30     2.00 1
2195891   2133258.00   7034303.00  0000 2400 30     2.00 1
2195892   2133258.00   7034303.00  0000 2400 30     2.00 1
2195893   2133258.00   7034303.00  0000 2400 30     2.00 1
2195894   2133258.00   7034303.00  0000 2400 30     2.00 1
2195895   2133258.00   7034303.00  0000 2400 30     2.00 1
2195897   2133258.00   7034303.00  0000 2400 30     2.00 1
2195898   2133258.00   7034303.00  0000 2400 30     2.00 1
2195899   2133258.00   7034303.00  0000 2400 30     2.00 1
2195900   2133258.00   7034303.00  0000 2400 30     2.00 1
2195901   2133258.00   7034303.00  0000 2400 30     2.00 1
2195902   2133258.00   7034303.00  0000 2400 30     2.00 1
2195903   2133258.00   7034303.00  0000 2400 30     2.00 1
2195904   2133258.00   7034303.00  0000 2400 30     2.00 1
2195905   2133258.00   7034303.00  0000 2400 30     2.00 1
2195906   2133258.00   7034303.00  0000 2400 30     2.00 1
2195908   2133258.00   7034303.00  0000 2400 30     2.00 1
2195909   2133258.00   7034303.00  0000 2400 30     2.00 1
2195910   2133258.00   7034303.00  0000 2400 30     2.00 1
2195911   2133258.00   7034303.00  0000 2400 30     2.00 1
2195912   2133258.00   7034303.00  0000 2400 30     2.00 1
2195913   2133258.00   7034303.00  0000 2400 30     2.00 1
2195874   2133258.00   7034303.00  0000 2400 270     2.00 1
2195885   2133258.00   7034303.00  0000 2400 30     2.00 1
2195896   2133258.00   7034303.00  0000 2400 30     2.00 1
2195907   2133258.00   7034303.00  0000 2400 30     2.00 1
2195918   2133258.00   7034303.00  0000 2400 30     2.00 1
2195919   2133258.00   7034303.00  0000 2400 30     2.00 1
2195920   2133258.00   7034303.00  0000 2400 30     2.00 1
2195921   2133258.00   7034303.00  0000 2400 30     2.00 1
2195922   2133258.00   7034303.00  0000 2400 30     2.00 1
2195875   2133258.00   7034303.00  0000 2400 30     2.00 1
2195876   2133258.00   7034303.00  0000 2400 30     2.00 1
2195877   2133258.00   7034303.00  0000 2400 30     2.00 1
2195878   2133258.00   7034303.00  0000 2400 30     2.00 1
2195879   2133258.00   7034303.00  0000 2400 30     2.00 1
2195880   2133258.00   7034303.00  0000 2400 30     2.00 1
2195881   2133258.00   7034303.00  0000 2400 30     2.00 1
2195882   2133258.00   7034303.00  0000 2400 30     2.00 1
2195883   2133258.00   7034303.00  0000 2400 30     2.00 1
22054736   2133648.00   7033291.00  0000 2400 10     2.00 1
22054737   2133648.00   7033291.00  0000 2400 10     2.00 1
2196103   2132578.00   7035791.00  0000 2400 30     6.00 1
2196104   2132578.00   7035791.00  0000 2400 30     6.00 1
2196105   2132578.00   7035791.00  0000 2400 30     6.00 1
2196059   2132578.00   7035791.00  0000 2400 30     2.00 1
2196060   2132578.00   7035791.00  0000 2400 30     2.00 1
2196035   2132578.00   7035791.00  0000 2400 30     2.00 1
2196036   2132578.00   7035791.00  0000 2400 30     2.00 1
2196037   2132578.00   7035791.00  0000 2400 30     2.00 1
2196038   2132578.00   7035791.00  0000 2400 30     2.00 1
2196039   2132578.00   7035791.00  0000 2400 30     2.00 1
2196040   2132578.00   7035791.00  0000 2400 30     2.00 1
2196041   2132578.00   7035791.00  0000 2400 30     2.00 1
2196042   2132578.00   7035791.00  0000 2400 30     2.00 1
2196043   2132578.00   7035791.00  0000 2400 30     2.00 1
2196044   2132578.00   7035791.00  0000 2400 30     2.00 1
2196046   2132578.00   7035791.00  0000 2400 30     2.00 1
2196047   2132578.00   7035791.00  0000 2400 30     2.00 1
2196048   2132578.00   7035791.00  0000 2400 30     2.00 1
2196049   2132578.00   7035791.00  0000 2400 30     2.00 1
2196050   2132578.00   7035791.00  0000 2400 30     2.00 1
2196051   2132578.00   7035791.00  0000 2400 30     2.00 1
2196052   2132578.00   7035791.00  0000 2400 30     2.00 1
2196053   2132578.00   7035791.00  0000 2400 30     2.00 1
2196034   2132578.00   7035791.00  0000 2400 30     2.00 1
2196045   2132578.00   7035791.00  0000 2400 30     2.00 1
2196054   2132578.00   7035791.00  0000 2400 30     2.00 1
2196055   2132578.00   7035791.00  0000 2400 30     2.00 1
2196056   2132578.00   7035791.00  0000 2400 30     2.00 1
2196057   2132578.00   7035791.00  0000 2400 30     2.00 1
2196058   2132578.00   7035791.00  0000 2400 30     2.00 1
33541530   2134651.00   7020347.00  0000 2400 10     0.00 1
25182205   2123112.00   7014035.00  0000 2400 10     2.00 1
25182207   2123112.00   7014035.00  0000 2400 10     2.00 1
2201204   2123198.00   7014950.00  0000 2400 270     6.00 1
2199080   2124253.20   7017817.55  0000 2400 270     2.00 1
2199101   2123549.00   7026520.00  0000 2400 270     2.00 1
2199102   2123549.00   7026520.00  0000 2400 30     2.00 1
2199103   2123549.00   7026520.00  0000 2400 30     2.00 1
2199104   2123549.00   7026520.00  0000 2400 30     2.00 1
2199105   2123549.00   7026520.00  0000 2400 30     2.00 1
2199106   2123549.00   7026520.00  0000 2400 30     2.00 1
33622818   2124545.00   7023228.00  0000 2400 10     2.00 1
30388729   2137319.00   7024991.00  0000 2400 10     6.00 1
2204047   2134377.00   7024257.00  0000 2400 150     8.00 1
2190752   2134445.00   7023458.00  0000 2300 150     8.00 1
2198170   2134649.00   7020379.00  0000 2400 10     8.00 1
19156576   2134812.00   7018247.00  0000 2400 10     2.00 1
19156577   2134812.00   7018247.00  0000 2400 10     2.00 1
19156563   2134941.00   7016779.00  0000 2400 10     4.00 1
2198080   2134949.00   7016680.00  0000 2400 270     2.00 1
2195983   2133663.00   7016353.00  0000 2400 270     2.00 1
2195984   2133663.00   7016353.00  0000 2400 30     2.00 1
14754206   2129646.00   7015825.00  0000 2400 10     2.00 1
10403938   2134956.00   7016827.00  0000 2400 10    18.00 1
2191391   2134853.00   7017996.00  0000 2400 270     2.00 1
26741114   2134698.00   7020007.00  0000 2400 10    10.00 1
2199086   2136217.00   7020779.00  0000 2400 270     2.00 1
2199087   2136217.00   7020779.00  0000 2400 30     2.00 1
2190781   2134614.00   7021074.00  0000 2400 150     2.00 1
2190806   2134586.00   7021437.00  0000 2400 150     6.00 1
2193536   2134369.00   7024505.00  0000 2400 150     8.00 1
10019488   2138272.00   7025110.00  0000 2400 10     8.00 1
19156550   2139660.00   7025318.00  0000 2400 10     2.00 1
2198594   2139660.00   7025318.00  0000 2400 30     2.00 1
2198595   2139660.00   7025318.00  0000 2400 30     2.00 1
2198596   2139660.00   7025318.00  0000 2400 30     2.00 1
2198589   2139660.00   7025318.00  0000 2400 270     2.00 1
2198590   2139660.00   7025318.00  0000 2400 30     2.00 1
2198591   2139660.00   7025318.00  0000 2400 30     2.00 1
2198592   2139660.00   7025318.00  0000 2400 30     2.00 1
2198593   2139660.00   7025318.00  0000 2400 30     2.00 1
2199898   2139660.00   7025318.00  0000 2400 270     2.00 1
2191491   2140364.00   7025655.00  0700 2300 270     2.00 1
2191502   2140364.00   7025655.00  0700 2300 30     2.00 1
2191504   2140364.00   7025655.00  0700 2300 30     2.00 1
2191505   2140364.00   7025655.00  0700 2300 30     2.00 1
2191506   2140364.00   7025655.00  0700 2300 30     2.00 1
2191507   2140364.00   7025655.00  0700 2300 30     2.00 1
2191508   2140364.00   7025655.00  0700 2300 30     2.00 1
2191509   2140364.00   7025655.00  0700 2300 30     2.00 1
2191510   2140364.00   7025655.00  0700 2300 30     2.00 1
2191492   2140364.00   7025655.00  0700 2300 30     2.00 1
2191493   2140364.00   7025655.00  0700 2300 30     2.00 1
2191494   2140364.00   7025655.00  0700 2300 30     2.00 1
2191495   2140364.00   7025655.00  0700 2300 30     2.00 1
2191496   2140364.00   7025655.00  0700 2300 30     2.00 1
2191497   2140364.00   7025655.00  0700 2300 30     2.00 1
2191498   2140364.00   7025655.00  0700 2300 30     2.00 1
2191499   2140364.00   7025655.00  0700 2300 30     2.00 1
2191500   2140364.00   7025655.00  0700 2300 30     2.00 1
2190718   2142318.00   7025558.00  0000 2400 30     2.00 1
2190719   2142318.00   7025558.00  0000 2400 30     2.00 1
2190727   2142318.00   7025558.00  0000 2400 30     6.00 1
2190728   2142318.00   7025558.00  0000 2400 30     6.00 1
2190716   2142373.00   7025079.00  0000 2400 30     6.00 1
2190717   2142373.00   7025079.00  0000 2400 30     6.00 1
2190706   2142373.00   7025079.00  0000 2400 90     2.00 1
2190707   2142373.00   7025079.00  0000 2400 30     2.00 1
2190708   2142373.00   7025079.00  0000 2400 30     2.00 1
2190729   2142341.00   7024923.00  0000 2400 270     2.00 1
29486065   2142869.00   7025751.00  0000 2400 10     2.00 1
2203217   2146047.00   7025283.00  0000 2400 10     4.00 1
2199062   2134121.00   7027537.00  0000 2400 270     2.00 1
2199063   2134121.00   7027537.00  0000 2400 30     2.00 1
33396290   2130169.00   7015891.00  0000 2400 10     4.00 1
2198586   2131196.00   7016036.00  0000 2400 150     6.00 1
2200516   2089554.00   7023065.00  0000 2400 30     8.00 1
2200517   2089554.00   7023065.00  0000 2400 30     8.00 1
2200518   2089554.00   7023065.00  0000 2400 30     6.00 1
2200525   2089554.00   7023065.00  0000 2400 30     6.00 1
2200526   2089554.00   7023065.00  0000 2400 30     6.00 1
2200527   2089554.00   7023065.00  0000 2400 30     6.00 1
2200528   2089554.00   7023065.00  0000 2400 30     6.00 1
2200529   2089554.00   7023065.00  0000 2400 30     6.00 1
2200530   2089554.00   7023065.00  0000 2400 30     6.00 1
2200531   2089554.00   7023065.00  0000 2400 30     6.00 1
2200532   2089554.00   7023065.00  0000 2400 30     6.00 1
2200519   2089554.00   7023065.00  0000 2400 30     6.00 1
2200520   2089554.00   7023065.00  0000 2400 30     6.00 1
2200521   2089554.00   7023065.00  0000 2400 30     6.00 1
2200522   2089554.00   7023065.00  0000 2400 30     6.00 1
2200523   2089554.00   7023065.00  0000 2400 30     6.00 1
2200524   2089554.00   7023065.00  0000 2400 30     6.00 1
2200515   2089554.00   7023065.00  0000 2400 150     4.00 1
2197113   2130270.00   7015923.00  0000 2400 270     2.00 1
2202172   2130990.00   7015992.00  0000 2400 270     2.00 1
2198103   2130243.00   7015900.00  0000 2400 10     8.00 1
2204214   2128681.00   7015689.00  0000 2400 150     2.00 1
10054544   2128790.00   7015706.00  0000 2400 10     2.00 1
2201062   2129136.00   7015758.00  0000 2400 150     6.00 1
2204103   2128718.00   7014540.00  0000 2400 150     8.00 1
2493197   2128718.00   7014540.00  0000 2400 90     8.00 1
33412916   2128718.00   7014540.00  0000 2400 10     2.00 1
2204204   2128391.00   7014498.00  0000 2400 270     2.00 1
2204205   2128391.00   7014498.00  0000 2400 30     2.00 1
33413641   2129140.00   7014141.00  0000 2400 10     4.00 1
2299921   2129432.00   7012489.00  0000 2400 30     6.00 1
2299922   2129432.00   7012489.00  0000 2400 30     6.00 1
33413519   2129458.00   7011924.00  0000 2400 10     4.00 1
2201076   2123572.00   7013613.00  0000 2400 30     2.00 1
2201074   2123572.00   7013613.00  0000 2400 270     2.00 1
2201075   2123572.00   7013613.00  0000 2400 30     2.00 1
30358411   2123572.00   7013613.00  0000 2400 10     2.00 1
30358412   2123572.00   7013613.00  0000 2400 10     2.00 1
2200003   2123572.00   7013613.00  0000 2400 270     2.00 1
2200004   2123572.00   7013613.00  0000 2400 30     2.00 1
33413530   2131334.00   7012334.00  0000 2400 10     8.00 1
2195739   2131188.00   7014886.00  0600 1500 150     2.00 1
29609143   2130676.00   7014818.00  0000 2400 10     2.00 1
29609144   2130676.00   7014818.00  0000 2400 10     2.00 1
29609145   2130676.00   7014818.00  0000 2400 10     2.00 1
29609148   2130676.00   7014818.00  0000 2400 10     2.00 1
2198224   2129782.00   7015157.00  0000 2400 10    10.00 1
2195362   2129233.00   7015093.00  0000 2400 270     2.00 1
2191820   2131901.00   7015886.00  0000 2400 150     6.00 1
33396267   2138175.00   7016942.00  0000 2400 10     4.00 1
2299777   2089425.00   7028205.00  0000 2400 30     8.00 1
2299778   2089425.00   7028205.00  0000 2400 90     8.00 1
2299779   2089425.00   7028205.00  0000 2400 30     8.00 1
2299780   2089425.00   7028205.00  0000 2400 30     8.00 1
2299781   2089425.00   7028205.00  0000 2400 30     8.00 1
2299782   2089425.00   7028205.00  0000 2400 30     8.00 1
2299783   2089425.00   7028205.00  0000 2400 30     6.00 1
