280.0 				// vehicle capacity (yards), real number
800.0				// total yardage allowed for a vehicle per day, real number
500				// total number of regular stops for a vehicle allowed per day
3600				// lunch time duration in second, lunch time should start between 11:00am and 12:00 pm
40				// speed: MPH
Stop_ID	X(feet)	Y(feet)	Early_St_Time (HHMM)	Late_St_Time (HHMM)	Svice_Time(Sec)	Load (Yards)	"Stop_Type(0: Depot, 1: regular stop, 2: Landfill)"
75649	5842368	6925753	400	1500	0	9999	0
1682485	5817102	6937790	0	2400	360	3	1
1682507	5843930	6923853	0	2400	300	3	1
1682520	5850321	6912173	0	2400	300	8	1
1682521	5850321	6912173	0	2400	60	8	1
1682522	5850321	6912173	0	2400	60	8	1
1682527	5848889	6902618	800	1700	360	3	1
1682528	5849426	6930035	0	2400	300	3	1
1682531	5847947	6936278	0	2400	360	3	1
1682537	5843368	6920247	0	2400	300	8	1
1682553	5843922	6932285	0	2400	300	6	1
1682554	5843922	6932285	0	2400	60	6	1
1682555	5843922	6932285	0	2400	60	6	1
1682556	5843922	6932285	0	2400	60	6	1
1682561	5843778	6927876	700	1700	300	4	1
1682562	5843778	6927876	700	1700	60	4	1
1682563	5843778	6927876	700	1700	60	4	1
1682565	5843778	6927876	700	1700	60	6	1
1682566	5843778	6927876	700	1700	60	6	1
1682567	5843778	6927876	700	1700	60	6	1
1682568	5843778	6927876	700	1700	60	6	1
1682573	5822338	6927748	0	2400	360	6	1
1682597	5841364	6937977	0	2400	300	8	1
1682598	5888153	6985104	0	2400	300	8	1
1682614	5848875	6934016	0	2400	300	4	1
1682647	5845799	6955146	0	2400	60	6	1
1682652	5849405	6940789	0	2400	300	8	1
1682653	5849405	6940789	0	2400	60	8	1
1682654	5849405	6940789	0	2400	60	8	1
1682655	5849405	6940789	0	2400	60	8	1
1682656	5849405	6940789	0	2400	60	6	1
1682657	5849405	6940789	0	2400	60	6	1
1682670	5837863	6932657	700	1700	60	6	1
1682671	5837863	6932657	700	1700	60	6	1
1682675	5837863	6932657	700	1700	60	8	1
1682678	5848511	6933491	0	2400	300	3	1
1682679	5848511	6933491	0	2400	60	6	1
1682680	5848511	6933491	0	2400	60	6	1
1682681	5848511	6933491	0	2400	60	6	1
1682682	5848511	6933491	0	2400	60	6	1
1682683	5848511	6933491	0	2400	60	6	1
1682684	5848511	6933491	0	2400	60	6	1
1682685	5848511	6933491	0	2400	60	6	1
1682701	5843722	6955455	0	2400	300	18	1
1682704	5832747	6920348	0	2400	360	6	1
1682705	5832747	6920348	0	2400	300	2	1
1682742	5862365	6934194	100	700	360	8	1
1682743	5862365	6934194	100	700	60	8	1
1682747	5844284	6924322	0	2400	300	3	1
1682749	5832030	6929149	0	2400	300	18	1
1682753	5844507	6918854	700	1700	300	4	1
1682758	5836514	6926961	100	700	300	4	1
1682759	5845973	6925184	700	1700	300	4	1
1682760	5845973	6925184	700	1700	60	4	1
1682761	5845973	6925184	700	1700	60	4	1
1682762	5845973	6925184	700	1700	60	4	1
1682763	5845973	6925184	700	1700	60	4	1
1682764	5845973	6925184	700	1700	60	4	1
1682765	5845973	6925184	700	1700	60	4	1
1682766	5845973	6925184	700	1700	60	4	1
1682767	5845973	6925184	700	1700	60	4	1
1682768	5845973	6925184	700	1700	60	4	1
1682769	5845973	6925184	700	1700	60	4	1
1682770	5845973	6925184	700	1700	60	4	1
1682796	5838169	6932649	700	1700	60	8	1
1682797	5838169	6932649	700	1700	60	8	1
1682800	5838169	6932649	700	1700	60	4	1
1682801	5838169	6932649	700	1700	60	6	1
1682825	5857289	6916712	0	2400	300	4	1
1682848	5898870	6847130	0	2400	300	4	1
1682849	5898870	6847130	0	2400	60	4	1
1682850	5898870	6847130	0	2400	60	4	1
1682851	5898870	6847130	0	2400	60	4	1
1682852	5898870	6847130	0	2400	60	4	1
1682853	5898870	6847130	0	2400	60	4	1
1682854	5898870	6847130	0	2400	60	4	1
1682855	5898870	6847130	0	2400	60	6	1
1682856	5836027	6921265	0	2400	360	3	1
1682858	5858826	6925804	0	2400	300	6	1
1682862	5815081	6940100	0	2400	300	4	1
1682869	5832295	6932876	0	2400	300	6	1
1682885	5872091	6961509	0	2400	360	4	1
1682886	5872091	6961509	0	2400	60	4	1
1682898	5834636	6924150	0	2400	60	6	1
1682900	5834636	6924150	0	2400	300	6	1
1682903	5824949	6936714	0	2400	360	2	1
1682904	5824949	6936714	0	2400	60	2	1
1682927	5826008	6887357	0	2400	300	2	1
1682933	5842816	6924613	100	700	300	6	1
1682940	5885136	6957779	0	2400	360	8	1
1682942	5832294	6935386	0	2400	300	8	1
1682953	5859582	6969464	0	2400	300	6	1
1682959	5852164	6896384	0	2400	60	8	1
1682974	5858955	6970026	0	2400	300	2	1
1683008	5862305	6939620	700	1700	360	3	1
1683009	5862305	6939620	700	1700	60	3	1
1683010	5862305	6939620	700	1700	60	3	1
1683011	5862305	6939620	700	1700	60	3	1
1683012	5862305	6939620	700	1700	60	3	1
1683013	5862305	6939620	700	1700	60	3	1
1683014	5862305	6939620	700	1700	60	3	1
1683015	5862305	6939620	700	1700	60	3	1
1683016	5862305	6939620	700	1700	60	3	1
1683017	5862305	6939620	700	1700	60	3	1
1683018	5862305	6939620	700	1700	60	3	1
1683019	5862305	6939620	700	1700	60	3	1
1683020	5862305	6939620	700	1700	60	3	1
1683021	5862305	6939620	700	1700	60	3	1
1683022	5862305	6939620	700	1700	60	3	1
1683041	5852219	6896858	0	2400	360	6	1
1683042	5852219	6896858	0	2400	60	6	1
1683046	5857685	6916847	0	2400	300	6	1
1683058	5853879	6918342	0	2400	300	3	1
1683059	5853879	6918342	0	2400	60	3	1
1683060	5853879	6918342	0	2400	60	3	1
1683061	5853879	6918342	0	2400	60	3	1
1683062	5853879	6918342	0	2400	60	6	1
1683063	5853879	6918342	0	2400	60	6	1
1683083	5848904	6933907	0	2400	300	4	1
1683096	5830994	6929050	0	2400	300	8	1
1683100	5834172	6926961	100	700	360	3	1
1683109	5847322	6932655	0	2400	300	4	1
1683110	5847322	6932655	0	2400	60	4	1
1683111	5847322	6932655	0	2400	60	4	1
1683112	5847322	6932655	0	2400	60	4	1
1683113	5847322	6932655	0	2400	60	6	1
1683118	5848143	6925582	0	2400	300	6	1
1683122	5851847	6899819	0	2400	360	4	1
1683146	5860107	6968406	0	2400	300	2	1
1683156	5837007	6921005	100	700	360	4	1
1683161	5842248	6937654	0	2400	300	6	1
1683162	5842248	6937654	0	2400	60	6	1
1683163	5842248	6937654	0	2400	60	6	1
1683164	5842248	6937654	0	2400	60	6	1
1683174	5845453	6921353	700	1700	60	4	1
1683175	5845453	6921353	700	1700	60	4	1
1683176	5845453	6921353	700	1700	60	4	1
1683177	5845453	6921353	700	1700	60	4	1
1683178	5845453	6921353	700	1700	60	4	1
1683179	5845453	6921353	700	1700	60	4	1
1683180	5845453	6921353	700	1700	60	4	1
1683181	5845453	6921353	700	1700	60	4	1
1683182	5845453	6921353	700	1700	60	4	1
1683183	5845453	6921353	700	1700	60	4	1
1683184	5845453	6921353	700	1700	60	4	1
1683185	5845453	6921353	700	1700	60	4	1
1683186	5845453	6921353	700	1700	60	4	1
1683187	5845453	6921353	700	1700	60	4	1
1683201	5853052	6934864	0	2400	300	8	1
1683204	5816799	6987179	0	2400	300	6	1
1683207	5853872	6984798	100	700	300	3	1
1683208	5853872	6984798	100	700	60	3	1
1683223	5853872	6984798	100	700	300	3	1
1683224	5853872	6984798	100	700	60	3	1
1683233	5837470	6927460	100	700	300	4	1
1683237	5827952	6927452	0	2400	360	4	1
1683239	5853872	6984798	100	700	300	3	1
1683240	5853872	6984798	100	700	60	3	1
1683243	5852008	6981671	0	2400	300	4	1
1683244	5852008	6981671	0	2400	360	3	1
1683247	5850358	6911890	0	2400	60	3	1
1683257	5815876	6946573	0	2400	360	8	1
1683262	5859008	6969433	0	2400	300	2	1
1683263	5862013	6934242	0	2400	360	6	1
1683277	5859031	6969968	0	2400	300	4	1
1683278	5859031	6969968	0	2400	60	4	1
1683279	5859031	6969968	0	2400	60	4	1
1683304	5859017	6969449	0	2400	300	3	1
1683315	5853377	6930405	100	700	360	3	1
1683347	5867057	6963380	0	2400	300	3	1
1683358	5800813	6980848	0	2400	300	4	1
1683372	5856194	6930302	100	700	360	8	1
1683379	5848331	6964170	0	2400	360	8	1
1683386	5845589	6918488	0	2400	360	3	1
1683388	5834515	6924973	100	700	360	3	1
1683390	5816429	6955024	0	2400	300	6	1
1683396	5853872	6984798	0	2400	300	3	1
1683397	5853872	6984798	0	2400	60	3	1
1683398	5853872	6984798	100	700	300	2	1
1683399	5853872	6984798	100	700	60	2	1
1683400	5853872	6984798	0	2400	300	3	1
1683401	5853872	6984798	0	2400	60	3	1
1683402	5853872	6984798	100	700	300	3	1
1683403	5853872	6984798	100	700	60	3	1
1683404	5853872	6984798	100	700	300	6	1
1683405	5853872	6984798	0	2400	300	3	1
1683406	5853872	6984798	0	2400	60	3	1
1683407	5853872	6984798	100	700	300	2	1
1683408	5853872	6984798	100	700	60	3	1
1683422	5829852	6935309	0	2400	300	6	1
1683438	5815821	6986541	0	2400	300	3	1
1683443	5834159	6933810	0	2400	300	4	1
1683444	5832174	6937500	0	2400	300	3	1
1683445	5815173	6941477	0	2400	300	4	1
1683448	5815154	6941142	0	2400	360	4	1
1683449	5814802	6941902	0	2400	300	2	1
1683450	5814377	6947156	0	2400	300	2	1
1683454	5829426	6937698	0	2400	360	8	1
1683455	5828502	6931912	0	2400	300	6	1
1683459	5838777	6948946	0	2400	300	2	1
1683464	5844238	6918860	0	2400	240	2	1
1683467	5860026	6968621	0	2400	360	6	1
1683469	5837567	6927632	100	700	300	3	1
1683470	5827086	6930620	0	2400	300	8	1
1683472	5827950	6935917	0	2400	360	3	1
1683480	5856521	6969886	0	2400	300	8	1
1683486	5811282	6976652	0	2400	300	8	1
1683491	5822272	6980841	0	2400	300	4	1
1683494	5831420	6926009	100	700	360	4	1
1683498	5811393	6962284	0	2400	300	2	1
1683505	5838995	6948963	0	2400	300	8	1
1683506	5838995	6948963	0	2400	60	8	1
1683507	5838995	6948963	0	2400	60	8	1
1683508	5838995	6948963	0	2400	60	8	1
1683509	5838995	6948963	0	2400	60	8	1
1683510	5838995	6948963	0	2400	60	8	1
1683511	5838995	6948963	0	2400	60	8	1
1683537	5831122	6935244	0	2400	300	6	1
1683538	5830029	6924115	100	700	360	2	1
1683552	5838057	6922490	0	2400	300	4	1
1683555	5827432	6930985	0	2400	300	4	1
1683558	5862073	6933947	100	700	360	6	1
1683561	5843484	6937924	0	2400	300	2	1
1683562	5822400	6980815	0	2400	300	2	1
1683575	5822234	6935703	100	700	360	18	1
1683577	5830145	6924672	0	2400	360	8	1
1683582	5826917	6927663	0	2400	360	2	1
1683583	5826917	6927663	0	2400	60	3	1
1683584	5826917	6927663	0	2400	60	3	1
1683585	5826917	6927663	0	2400	60	3	1
1683586	5826917	6927663	0	2400	60	3	1
1683587	5826917	6927663	0	2400	60	3	1
1683588	5826917	6927663	0	2400	60	3	1
1683589	5826917	6927663	0	2400	60	3	1
1683590	5826917	6927663	0	2400	60	3	1
1683591	5826917	6927663	0	2400	60	3	1
1683592	5826917	6927663	0	2400	60	3	1
1683601	5838257	6931218.92	0	2400	300	4	1
1683602	5816429	6955024	0	2400	300	6	1
1683605	5817827	6948474	0	2400	300	3	1
1683607	5816429	6955024	0	2400	300	24	1
1683627	5875615	6959011	0	2400	60	4	1
1683628	5875615	6959011	0	2400	60	4	1
1683629	5875615	6959011	0	2400	60	4	1
1683630	5875615	6959011	0	2400	60	4	1
1683631	5875615	6959011	0	2400	60	4	1
1683632	5875615	6959011	0	2400	60	4	1
1683633	5875615	6959011	0	2400	60	4	1
1683634	5875615	6959011	0	2400	60	4	1
1683635	5875615	6959011	0	2400	60	4	1
1683636	5875615	6959011	0	2400	60	4	1
1683637	5875615	6959011	0	2400	60	4	1
1683638	5875615	6959011	0	2400	60	4	1
1683639	5875615	6959011	0	2400	60	4	1
1683640	5875615	6959011	0	2400	60	4	1
1683641	5875615	6959011	0	2400	60	4	1
1683642	5875615	6959011	0	2400	60	4	1
1683643	5875615	6959011	0	2400	60	4	1
1683644	5875615	6959011	0	2400	60	4	1
1683645	5875615	6959011	0	2400	60	4	1
1683646	5875615	6959011	0	2400	60	4	1
1683647	5875615	6959011	0	2400	60	4	1
1683648	5875615	6959011	0	2400	60	6	1
1683649	5875615	6959011	0	2400	60	6	1
1683650	5875615	6959011	0	2400	60	6	1
1683651	5875615	6959011	0	2400	60	6	1
1683652	5875615	6959011	0	2400	60	6	1
1683653	5875615	6959011	0	2400	60	6	1
1683654	5875615	6959011	0	2400	60	6	1
1683662	5875615	6959011	0	2400	300	8	1
1683663	5875615	6959011	0	2400	60	8	1
1683676	5870069	6936105	0	2400	300	4	1
1683683	5863126	6923561	0	2400	300	3	1
1683687	5868939	6978438	0	2400	300	3	1
1683688	5816130	6955624	0	2400	300	8	1
1683696	5849097	6945484	0	2400	300	8	1
1683701	5835801	6941379	800	1400	300	6	1
1683703	5837273	6943898	0	2400	300	6	1
1683710	5843248	6927825	0	2400	300	2	1
1683714	5839791	6948519	0	2400	60	8	1
1683720	5837328	6950082	0	2400	60	8	1
1683723	5839549	6948091	0	2400	300	6	1
1683741	5853879	6918342	0	2400	360	8	1
1683742	5853879	6918342	0	2400	60	8	1
1683743	5853879	6918342	0	2400	60	8	1
1683744	5853879	6918342	0	2400	60	8	1
1683750	5844329	6982165	0	2400	300	6	1
1683753	5850852	6984923	0	2400	300	6	1
1683755	5841213	6930273	0	2400	300	6	1
1683758	5846838	6982481	0	2400	300	4	1
1683759	5846838	6982481	0	2400	60	4	1
1683762	5846626	6981331	0	2400	300	6	1
1683763	5846626	6981331	0	2400	60	6	1
1683764	5846626	6981331	0	2400	60	6	1
1683767	5839443	6975464	0	2400	300	6	1
1683776	5852600.28	6878051.43	700	1700	300	8	1
1683781	5825415	6927910	0	2400	300	4	1
1683784	5855382	6969534	0	2400	300	6	1
1683787	5855410	6969515	0	2400	300	6	1
1683792	5848789	6964503	0	2400	360	8	1
1683794	5854994	6913621	0	2400	60	8	1
1683798	5857151	6981084	0	2400	300	4	1
1683799	5857151	6981084	0	2400	60	4	1
1683800	5857151	6981084	0	2400	60	2	1
1683801	5857151	6981084	0	2400	60	2	1
1683802	5857151	6981084	0	2400	60	2	1
1683803	5857151	6981084	0	2400	60	6	1
1683804	5857151	6981084	0	2400	60	6	1
1683808	5848181	6963260	0	2400	360	8	1
1683809	5848181	6963260	0	2400	300	0	1
1683816	5853352	6968333	0	2400	300	8	1
1683820	5816429	6955024	0	2400	300	8	1
1683821	5837309	6936266	0	2400	300	6	1
1683823	5831534	6929880	0	2400	360	4	1
1683824	5841546	6938932	0	2400	360	8	1
1683838	5819860	6945313	0	2400	360	6	1
1683843	5815069	6939892	0	2400	300	6	1
1683848	5811368	6976832	0	2400	240	4	1
1683849	5779387.82	6953732.42	0	2400	360	4	1
1683858	5816562	6988365	0	2400	300	2	1
1683866	5822693	6935704	0	2400	360	4	1
1683876	5830443	6934727	0	2400	300	4	1
1683895	5854804	6975302	0	2400	300	6	1
1683896	5853271	6968306	0	2400	360	8	1
1683899	5819619	6928858	0	2400	360	3	1
1683909	5851933	6971830	0	2400	360	8	1
1683926	5791665	6949003	0	2400	300	4	1
1683929	5835398	6924811	0	2400	360	2	1
1683931	5867066	6928307	0	2400	300	2	1
1683933	5838984	6920362	0	2400	360	8	1
1683943	5824479	6934918	0	2400	300	4	1
1683968	5849055	6933278	600	900	360	6	1
1683972	5853872	6984798	100	700	300	3	1
1683973	5853872	6984798	100	700	60	2	1
1683974	5853872	6984798	100	700	60	2	1
1684002	5850634	6935095	0	2400	300	8	1
1684003	5850634	6935095	0	2400	60	8	1
1684007	5839951	6948919	0	2400	300	6	1
1684012	5833846	6942062	0	2400	300	4	1
1684013	5833846	6942062	0	2400	60	2	1
1684020	5855543	6934651	0	2400	300	6	1
1684023	5839042	6932620	0	2400	300	8	1
1684026	5837263	6952244	0	2400	300	8	1
1684044	5848985	6933276	0	2400	360	6	1
1684047	5833942	6918688	0	2400	360	8	1
1684061	5868460	6975962	0	2400	300	8	1
1684068	5832106	6939260	0	2400	300	8	1
1684077	5851216	6931644	100	700	300	3	1
1684078	5851216	6931644	100	700	60	3	1
1684079	5851216	6931644	100	700	60	3	1
1684084	5858825	6967452	0	2400	300	3	1
1684100	5837906	6945167	0	2400	300	6	1
1684103	5827971	6926116	100	700	360	8	1
1684115	5827971	6926116	100	700	300	6	1
1684116	5857186	6967405	0	2400	360	6	1
1684117	5857186	6967405	0	2400	60	8	1
1684136	5847116	6935611	0	2400	360	2	1
1684158	5809779	6961653	0	2400	360	8	1
1684159	5809779	6961653	0	2400	60	8	1
1684160	5808962	6964058	0	2400	360	8	1
1684161	5808962	6964058	0	2400	60	8	1
1684162	5813896	6959688	0	2400	360	6	1
1684163	5813528	6960756	0	2400	360	6	1
1684164	5808594	6940123	0	2400	300	8	1
1684165	5817183	6986223	0	2400	360	6	1
1684167	5839301	6947773	0	2400	300	8	1
1684170	5846399	6984949	0	2400	360	8	1
1684175	5801548.45	6980697.21	0	2400	300	4	1
1684207	5849396	6947038	0	2400	300	6	1
1684208	5849396	6947038	0	2400	60	6	1
1684209	5849396	6947038	0	2400	60	6	1
1684210	5849396	6947038	0	2400	60	6	1
1684239	5849064	6933237	0	2400	300	4	1
1684255	5815439	6946981	0	2400	360	8	1
1684265	5872100	6961461	0	2400	360	2	1
1684306	5838470	6944538	0	2400	360	6	1
1684326	5874617	6941385	0	2400	300	6	1
1684332	5867708	6929026	0	2400	300	6	1
1684337	5848848	6926501	100	700	360	8	1
1684338	5848848	6926501	100	700	60	8	1
1684339	5848848	6926501	100	700	60	6	1
1684340	5848848	6926501	100	700	60	6	1
1684353	5828463	6840061	0	2400	60	4	1
1684358	5837530	6950011	0	2400	300	6	1
1684362	5848294	6982527	0	2400	300	4	1
1684363	5848294	6982527	0	2400	60	2	1
1684366	5845383	6979634	0	2400	300	8	1
1684369	5834685	6998045	0	2400	300	2	1
1684373	5848014	6962957	0	2400	300	2	1
1684374	5859979	6968765	0	2400	300	8	1
1684380	5891390	7044955	0	2400	60	8	1
1684382	5894559	6959570	0	2400	60	18	1
1684392	5848721	6966821	0	2400	360	6	1
1684410	5848402	6977668	0	2400	300	6	1
1684415	5838310	6949133	0	2400	300	4	1
1684416	5838310	6949133	0	2400	60	4	1
1684417	5838310	6949133	0	2400	60	4	1
1684418	5838310	6949133	0	2400	60	6	1
1684422	5840795	6964270	0	2400	300	8	1
1684438	5851449	6908057	0	2400	300	6	1
1684442	5816221.83	6866569.31	0	2400	300	4	1
1684444	5818506	6870327	0	2400	300	4	1
1684445	5818506	6870327	0	2400	60	4	1
1684446	5818506	6870327	0	2400	60	4	1
1684447	5818506	6870327	0	2400	60	4	1
1684448	5818506	6870327	0	2400	60	4	1
1684449	5818506	6870327	0	2400	60	4	1
1684450	5818506	6870327	0	2400	60	4	1
1684451	5818506	6870327	0	2400	60	4	1
1684452	5818506	6870327	0	2400	60	4	1
1684453	5818506	6870327	0	2400	60	4	1
1684466	5834241	6888404	800	1700	300	6	1
1684467	5844712	6882426	0	2400	300	6	1
1684472	5854671	6900000	800	1700	60	4	1
1684473	5849107	6903972	800	1700	300	6	1
1684474	5849107	6903972	800	1700	60	6	1
1684475	5849107	6903972	800	1700	60	4	1
1684476	5849107	6903972	800	1700	60	4	1
1684477	5849107	6903972	800	1700	60	4	1
1684482	5812613.35	6864602.94	0	2400	360	2	1
1684498	5850632	6910092	800	1700	300	6	1
1684499	5850632	6910092	800	1700	60	6	1
1684500	5850632	6910092	800	1700	60	6	1
1684510	5819706	6866709	0	2400	300	4	1
1684517	5820291	6872314	0	2400	300	6	1
1684537	5849709	6948720	0	2400	300	6	1
1684545	5836356	6923577	0	2400	300	6	1
1684589	5844375	6982564	0	2400	360	4	1
1684604	5815472	6938634	0	2400	60	8	1
1684606	5815472	6938634	0	2400	60	8	1
1684679	5836551	6931818	0	2400	60	6	1
1684735	5843277	6954680	0	2400	300	4	1
1684736	5843277	6954680	0	2400	60	4	1
1684777	5841292	6927929	0	2400	300	8	1
1684833	5839044	6934836	0	2400	60	6	1
1684836	5889982	6975389	0	2400	300	2	1
1684837	5871097	6947266	0	2400	300	4	1
1684839	5847660	6940000	0	2400	300	6	1
1684847	5828446	6934622	0	2400	300	4	1
1684852	5836074	6919766	0	2400	360	4	1
1684854	5816429	6955024	0	2400	300	2	1
1684886	5808594	6940123	0	2400	360	8	1
1684902	5812483	6934253	0	2400	300	4	1
1684906	5812483	6934253	0	2400	60	8	1
1684907	5812483	6934253	0	2400	300	4	1
1684913	5812483	6934253	0	2400	300	4	1
1684915	5812483	6934253	0	2400	300	4	1
1684928	5828100	6942980	0	2400	300	6	1
1684929	5828100	6942980	0	2400	360	6	1
1684930	5828100	6942980	0	2400	60	4	1
1684931	5828100	6942980	0	2400	60	4	1
1684935	5889512	6982318	0	2400	300	3	1
1684936	5889512	6982318	0	2400	60	3	1
1684965	5829915	6931864	0	2400	360	6	1
1684976	5886607	6955051	0	2400	300	8	1
1684978	5867584	6997742	0	2400	300	8	1
1684983	5819893	6941301	0	2400	300	4	1
1684991	5846927	6935472	0	2400	300	2	1
1685007	5832293	6935383	0	2400	360	6	1
1685017	5831594	6943315	0	2400	300	2	1
1685019	5851377	6900169	0	2400	360	4	1
1685020	5852005	6904723	800	1700	300	4	1
1685021	5850813	6912420	0	2400	300	4	1
1685022	5853587	6902758	0	2400	300	4	1
1685023	5851377	6900169	0	2400	360	4	1
1685026	5815660	6946873	0	2400	360	8	1
1685033	5848812	6935272	0	2400	360	6	1
1685040	5831731	6955244	0	2400	360	2	1
1685045	5812483	6934253	0	2400	300	4	1
1685046	5812483	6934253	0	2400	60	4	1
1685047	5812483	6934253	0	2400	60	2	1
1685049	5853266.82	6847973.86	0	2400	300	4	1
1685053	5847660	6940000	0	2400	360	6	1
1685056	5816698	6986610	0	2400	300	0	1
1685064	5813044	6962877	0	2400	300	8	1
1685065	5813044	6962877	0	2400	60	8	1
1685084	5826547	6939107	0	2400	300	6	1
1685098	5813533	6942972	0	2400	360	6	1
1685116	5831529	6943646	0	2400	360	8	1
1685119	5849258	6934701	0	2400	360	6	1
1685120	5830521	6927288	100	700	360	8	1
1685121	5832982	6924017	0	2400	360	3	1
1685136	5852267	6932863	0	2400	300	4	1
1685147	5812959	6981420	0	2400	300	4	1
1685162	5867901	6932482	0	2400	300	2	1
1685175	5863410	6984082	0	2400	60	4	1
1685234	5840348	6920026	0	2400	360	2	1
1685235	5812483	6934253	0	2400	300	2	1
1685236	5812483	6934253	0	2400	300	2	1
1685237	5812483	6934253	0	2400	300	4	1
1685238	5855708	6844506	0	2400	360	6	1
1685255	5833891	6925710	0	2400	300	2	1
1685256	5833891	6925710	0	2400	60	2	1
1685259	5848629	6924914	0	2400	300	6	1
1685260	5848629	6924914	0	2400	60	6	1
1685270	5864959	6984079	0	2400	300	8	1
1685276	5888667	6956249	0	2400	300	6	1
1685277	5888667	6956249	0	2400	60	6	1
1685278	5888667	6956249	0	2400	60	6	1
1685279	5888667	6956249	0	2400	60	6	1
1685280	5888667	6956249	0	2400	60	6	1
1685281	5888667	6956249	0	2400	60	6	1
1685282	5888667	6956249	0	2400	60	6	1
1685283	5888667	6956249	0	2400	60	6	1
1685284	5888667	6956249	0	2400	60	6	1
1685295	5855734	6935652	0	2400	360	3	1
1685296	5855734	6935652	0	2400	60	3	1
1685310	5839594	6934340	0	2400	300	6	1
1685311	5839594	6934340	0	2400	60	6	1
1685312	5839594	6934340	0	2400	60	6	1
1685320	5851138	6900209	0	2400	300	4	1
1685324	5820291	6872314	0	2400	300	6	1
1685352	5887948	6884567	800	1700	300	8	1
1685353	5887948	6884567	800	1700	60	6	1
1685354	5887948	6884567	0	2400	300	6	1
1685355	5887948	6884567	0	2400	300	6	1
1685356	5887948	6884567	0	2400	60	6	1
1685357	5887948	6884567	0	2400	300	6	1
1685363	5871417	6841903	0	2400	300	6	1
1685364	5871417	6841903	0	2400	60	6	1
1685365	5871417	6841903	0	2400	60	6	1
1685366	5871417	6841903	0	2400	60	6	1
1685367	5871417	6841903	0	2400	60	6	1
1685368	5871417	6841903	0	2400	60	6	1
1685370	5849861.16	6848389.66	0	2400	360	6	1
1685371	5852210	6843378	0	2400	360	6	1
1685374	5844288	6924722	0	2400	360	3	1
1685382	5848791	6980236	0	2400	300	8	1
1685393	5810738	6946704	0	2400	300	4	1
1685429	5828452	6934641	0	2400	300	8	1
1685448	5891949	6926323	0	2400	60	8	1
1685449	5810738	6946704	0	2400	300	8	1
1685450	5876836	6921112	0	2400	300	4	1
1685451	5876836	6921112	0	2400	60	4	1
1685456	5876836	6921112	0	2400	60	8	1
1685457	5835575	6924209	0	2400	360	6	1
1685458	5877251.67	6945767.54	0	2400	300	8	1
1685459	5828774	6934503	0	2400	360	6	1
1685461	5828452	6934641	0	2400	360	8	1
1685482	5808120	6940828	0	2400	300	6	1
1685528	5826567	6941188	0	2400	300	8	1
1685535	5853872	6984798	100	700	300	4	1
1685536	5853872	6984798	100	700	60	4	1
1685537	5853872	6984798	100	700	60	4	1
1685549	5849937	6902678	800	1700	300	8	1
1685550	5833385	6927859	0	2400	360	2	1
1685558	5853019	6941785	0	2400	300	2	1
1685559	5837221	6929465	0	2400	300	4	1
1685560	5837221	6929465	0	2400	60	6	1
1685561	5837221	6929465	0	2400	60	6	1
1685562	5837221	6929465	0	2400	60	6	1
1685563	5837221	6929465	0	2400	60	6	1
1685575	5810101	6938640	100	700	360	4	1
1685587	5853204	6889961	0	2400	360	8	1
1685609	5898870	6847130	0	2400	300	6	1
1685610	5898870	6847130	0	2400	60	6	1
1685611	5898870	6847130	0	2400	60	6	1
1685618	5898870	6847130	0	2400	60	8	1
1685619	5898870	6847130	0	2400	60	8	1
1685638	5907933	6843530	0	2400	360	2	1
1685639	5907933	6843530	0	2400	300	2	1
1685646	5839951	6948919	0	2400	360	6	1
1685654	5824600	6928313	0	2400	300	9	1
1685665	5824600	6928313	0	2400	60	6	1
1685676	5819844	6871652	0	2400	300	6	1
1685693	5799047	6858988	0	2400	360	8	1
1685695	5838768	6946708	0	2400	360	8	1
1685706	5847677	6964784	0	2400	60	6	1
1685707	5847677	6964784	0	2400	60	6	1
1685708	5847677	6964784	0	2400	60	6	1
1685709	5847677	6964784	0	2400	60	6	1
1685710	5847677	6964784	0	2400	60	6	1
1685720	5847677	6964784	0	2400	60	4	1
1685721	5847677	6964784	0	2400	60	4	1
1685722	5847677	6964784	0	2400	60	4	1
1685723	5847677	6964784	0	2400	60	0	1
1685724	5898870	6847130	0	2400	300	2	1
1685725	5898870	6847130	0	2400	60	3	1
1685726	5898870	6847130	0	2400	60	3	1
1685728	5863126	6923561	800	1700	300	6	1
1685730	5848678	6964857	0	2400	360	3	1
1685760	5836538	6945230	0	2400	300	2	1
1685779	5815084	6940152	0	2400	300	6	1
1685791	5816985	6937674	830	1630	300	8	1
1685834	5898870	6847130	0	2400	360	4	1
1685835	5832598	6936546	0	2400	360	6	1
1685969	5838289	6942274	0	2400	300	8	1
1685973	5898713	6848983	0	2400	300	2	1
1686008	5805441	6932581	0	2400	300	6	1
1686023	5832337	6919288	0	2400	300	6	1
1686033	5819546	6870728	0	2400	300	3	1
1686064	5838289	6942274	0	2400	300	4	1
1686070	5837870	6950001	0	2400	360	2	1
1686071	5837870	6950001	0	2400	60	2	1
1686072	5837870	6950001	0	2400	60	2	1
1686073	5837870	6950001	0	2400	60	2	1
1686074	5837870	6950001	0	2400	60	2	1
1686075	5837870	6950001	0	2400	60	2	1
1686076	5837870	6950001	0	2400	60	2	1
1686077	5837870	6950001	0	2400	60	2	1
1686078	5837870	6950001	0	2400	60	2	1
1686079	5837870	6950001	0	2400	60	2	1
1686080	5837870	6950001	0	2400	60	2	1
1686081	5837870	6950001	0	2400	60	2	1
1686082	5837870	6950001	0	2400	60	2	1
1686083	5837870	6950001	0	2400	60	2	1
1686084	5837870	6950001	0	2400	60	2	1
1686085	5837870	6950001	0	2400	60	2	1
1686117	5848471	6903344	800	1700	300	3	1
1686119	5829970	6935193	0	2400	300	8	1
1686126	5831529	6943646	0	2400	300	6	1
1686142	5805994	6934417	0	2400	300	8	1
1686143	5805994	6934417	0	2400	60	8	1
1686144	5831015	6929079	0	2400	300	6	1
1686157	5844378	6979000	0	2400	300	8	1
1686158	5844378	6979000	0	2400	60	8	1
1686168	5845076	6918630	0	2400	300	2	1
1686173	5822051	6931495	0	2400	300	6	1
1686181	5872117	6849781	0	2400	300	2	1
1686193	5819741	6935686	0	2400	360	2	1
1686208	5852802	6872911	0	2400	300	6	1
1686209	5837025	6847676	0	2400	360	6	1
1686217	5870929	6858363	0	2400	300	2	1
1686220	5838219	6846672	0	2400	300	4	1
1686227	5826290	6934792	0	2400	360	6	1
1686247	5816684	6843960	0	2400	300	8	1
1686248	5831805	6887148	800	1700	300	18	1
1686265	5816453	6929077	0	2400	300	6	1
1686266	5816453	6929077	0	2400	60	8	1
1686267	5842980	6839623	0	2400	60	4	1
1686271	5836821	6930031	0	2400	300	8	1
1686272	5836821	6930031	0	2400	60	4	1
1686275	5818027	6929557	0	2400	300	4	1
1686278	5898174	6847421	0	2400	300	6	1
1686286	5875590	6856995	0	2400	300	8	1
1686295	5901787	6845459	0	2400	300	8	1
1686296	5901787	6845459	0	2400	60	6	1
1686316	5831012	6923201	0	2400	360	6	1
1686346	5832133	6923644	0	2400	360	6	1
1686351	5814567	6869770	0	2400	300	3	1
1686358	5847069	6936165	0	2400	300	8	1
1686363	5831529	6922533	0	2400	360	3	1
1686370	5840264	6938241	0	2400	300	3	1
1686371	5840264	6938241	0	2400	60	8	1
1686415	5823250	6857617	0	2400	300	8	1
1686416	5823250	6857617	0	2400	60	8	1
1686419	5802864	6848659	0	2400	300	8	1
1686424	5799602	6859014	0	2400	300	6	1
1686429	5834174	6923991	0	2400	360	6	1
1686445	5820291	6872314	800	1700	300	4	1
1686446	5820291	6872314	800	1700	360	6	1
1686447	5820291	6872314	800	1700	60	6	1
1686457	5827604	6927229	0	2400	360	8	1
1686458	5822278	6856106	0	2400	300	8	1
1686463	5800821	6849569	0	2400	300	6	1
1686466	5830698	6926418	100	700	360	2	1
1686467	5830698	6926418	100	700	60	2	1
1686468	5830698	6926418	100	700	60	2	1
1686469	5830698	6926418	100	700	60	2	1
1686478	5831261	6932906	0	2400	360	2	1
1686479	5831261	6932906	0	2400	60	2	1
1686488	5842779.09	6844024.39	0	2400	60	6	1
1686490	5829665	6931482	0	2400	360	4	1
1686493	5846582	6978726	0	2400	360	2	1
1686494	5846582	6978726	0	2400	60	2	1
1686541	5838983	6836220	0	2400	360	6	1
1686550	5808521	6847685	0	2400	300	8	1
1686561	5810451	6843319	0	2400	300	8	1
1686572	5842777	6840180	0	2400	60	6	1
1686577	5857167	6937617	0	2400	360	4	1
1686580	5831572	6929609	0	2400	360	3	1
1686624	5820246	6845010	0	2400	360	6	1
1686630	5832108	6835601	0	2400	360	6	1
1686631	5846352	6961335	0	2400	300	8	1
1686640	5887324	6875725	0	2400	300	8	1
1686641	5887324	6875725	0	2400	60	8	1
1686644	5805030	6853439	0	2400	300	6	1
1686647	5797366	6855960	0	2400	300	6	1
1686651	5808586	6848057	0	2400	360	6	1
1686661	5835829	6921765	0	2400	300	2	1
1686669	5845006	6992518	0	2400	300	8	1
1686670	5845006	6992518	0	2400	60	8	1
1686672	5831541	6925703	100	700	360	8	1
1686673	5831541	6925703	100	700	60	8	1
1686694	5883453	6868862	0	2400	360	4	1
1686713	5884527	6994068	0	2400	300	6	1
1686716	5858918	6976335	0	2400	300	4	1
1686720	5897263	6877265	0	2400	360	8	1
1686727	5863797	6978907	0	2400	300	8	1
1686728	5863797	6978907	0	2400	60	8	1
1686738	5907932	6843549	0	2400	300	6	1
1686739	5821399	6952702	830	1200	360	2	1
1686740	5821399	6952702	830	1200	60	2	1
1686741	5821399	6952702	830	1200	60	2	1
1686742	5821399	6952702	830	1200	60	2	1
1686743	5821399	6952702	830	1200	60	2	1
1686744	5821399	6952702	830	1200	60	2	1
1686745	5821399	6952702	830	1200	60	2	1
1686746	5821399	6952702	830	1200	60	2	1
1686747	5821399	6952702	830	1200	60	2	1
1686748	5821399	6952702	830	1200	60	2	1
1686749	5821399	6952702	830	1200	60	2	1
1686750	5821399	6952702	830	1200	60	2	1
1686751	5821399	6952702	830	1200	60	2	1
1686752	5821399	6952702	830	1200	60	2	1
1686753	5821399	6952702	830	1200	60	2	1
1686754	5821399	6952702	830	1200	60	2	1
1686755	5821399	6952702	830	1200	60	2	1
1686756	5821399	6952702	830	1200	60	2	1
1686757	5821399	6952702	830	1200	60	2	1
1686758	5821399	6952702	830	1200	60	2	1
1686759	5821399	6952702	830	1200	60	2	1
1686760	5821399	6952702	830	1200	60	2	1
1686761	5821399	6952702	830	1200	60	2	1
1686762	5821399	6952702	830	1200	60	2	1
1686935	5844777	6981411	0	2400	300	8	1
1686940	5839935	6866254	0	2400	300	2	1
1686944	5900264	6987748	0	2400	300	4	1
1686953	5819017	6869504	0	2400	360	3	1
1687014	5817499	6932874	0	2400	300	4	1
1687024	5849690	6902625	800	1700	300	6	1
1687029	5817206	6867566	0	2400	300	2	1
1687030	5880820	7000447	700	730	300	4	1
1687040	5909810	6975899	0	2400	300	8	1
1687066	5834246	6938834	0	2400	360	8	1
1687071	5834089	6936115	0	2400	300	8	1
1687083	5856901	6990087	0	2400	300	2	1
1687084	5836694	6880577	800	1700	300	4	1
1687105	5877432.39	6957924.96	0	2400	300	6	1
1687106	5877432.39	6957924.96	0	2400	60	6	1
1687107	5877432.39	6957924.96	0	2400	60	6	1
1687108	5877432.39	6957924.96	0	2400	60	6	1
1687109	5877432.39	6957924.96	0	2400	60	6	1
1687110	5877432.39	6957924.96	0	2400	60	6	1
1687111	5877432.39	6957924.96	0	2400	60	6	1
1687112	5877432.39	6957924.96	0	2400	60	6	1
1687113	5877432.39	6957924.96	0	2400	60	6	1
1687114	5877432.39	6957924.96	0	2400	60	6	1
1687115	5877432.39	6957924.96	0	2400	60	6	1
1687116	5877432.39	6957924.96	0	2400	60	6	1
1687117	5877432.39	6957924.96	0	2400	60	6	1
1687164	5822104	6873336	800	1700	300	8	1
1687165	5822104	6873336	800	1700	60	8	1
1687166	5822104	6873336	800	1700	60	8	1
1687176	5825071	6936967	0	2400	300	4	1
1687177	5825071	6936967	0	2400	60	4	1
1687178	5825071	6936967	0	2400	60	4	1
1687179	5825071	6936967	0	2400	60	4	1
1687192	5825071	6936967	0	2400	60	6	1
1687195	5892411.63	7053527.75	0	2400	300	4	1
1687206	5895135.5	7040971.75	0	2400	300	4	1
1687209	5894754.87	7041645.89	0	2400	60	4	1
1687211	5887119.36	7053075.65	0	2400	300	6	1
1687212	5887119.36	7053075.65	0	2400	60	6	1
1687213	5887119.36	7053075.65	0	2400	60	6	1
1687216	5820910	6859990	0	2400	300	2	1
1687218	5895054.25	7040453	0	2400	360	6	1
1687219	5887251.32	7052972.23	0	2400	300	6	1
1687220	5887251.32	7052972.23	0	2400	60	6	1
1687221	5887251.32	7052972.23	0	2400	60	6	1
1687228	5895253.88	7040040.75	0	2400	60	4	1
1687231	5885149.25	7053875.25	0	2400	300	4	1
1687233	5851309	6906643	0	2400	60	8	1
1687250	5895602.5	7039310.75	0	2400	60	6	1
1687251	5887049.5	7053081.29	0	2400	300	6	1
1687252	5887049.5	7053081.29	0	2400	60	6	1
1687258	5885764.41	7050087.55	0	2400	300	6	1
1687261	5884507.25	7052768.66	0	2400	60	4	1
1687262	5893795	7052212.75	0	2400	300	4	1
1687270	5894361	7052789	0	2400	60	4	1
1687273	5884019.87	7054625.98	0	2400	300	6	1
1687274	5884019.87	7054625.98	0	2400	60	6	1
1687275	5884019.87	7054625.98	0	2400	60	6	1
1687284	5894682	7041045	0	2400	300	4	1
1687293	5897847.78	7039827.13	0	2400	300	8	1
1687296	5894929.75	7042102.75	0	2400	360	4	1
1687299	5885286.92	7052294.08	0	2400	300	4	1
1687302	5887201.55	7051911.08	0	2400	300	6	1
1687303	5887201.55	7051911.08	0	2400	60	6	1
1687304	5887201.55	7051911.08	0	2400	60	6	1
1687305	5887201.55	7051911.08	0	2400	60	6	1
1687312	5895828.75	7040688.75	0	2400	360	4	1
1687315	5885686.49	7051668.64	0	2400	300	4	1
1687322	5893612	7055833	0	2400	300	6	1
1687326	5884793.37	7054382.46	0	2400	300	6	1
1687327	5884793.37	7054382.46	0	2400	60	6	1
1687328	5884793.37	7054382.46	0	2400	60	6	1
1687341	5898274.74	7039924.87	0	2400	300	4	1
1687347	5887210.74	7053012.13	0	2400	300	2	1
1687356	5892822.16	7053341.05	0	2400	300	4	1
1687363	5895821.54	7040688.41	0	2400	60	4	1
1687372	5882573.82	7053049.93	0	2400	300	8	1
1687373	5895762.35	7039565.34	0	2400	300	4	1
1687377	5897211.65	7040361.48	0	2400	300	6	1
1687384	5895012.07	7040371.12	0	2400	300	6	1
1687390	5896987.09	7039336.59	0	2400	300	6	1
1687396	5896886.51	7039305.15	0	2400	300	4	1
1687397	5893125.71	7053049.7	0	2400	300	4	1
1687399	5893077.58	7052969.48	0	2400	60	4	1
1687401	5894394	7052792	0	2400	300	4	1
1687411	5894481.91	7052907.38	0	2400	300	4	1
1687413	5896266.63	7038768.95	0	2400	300	8	1
1687420	5897408.33	7038852.73	0	2400	360	2	1
1687421	5897408.33	7038852.73	0	2400	60	2	1
1687425	5885147.89	7053769.27	0	2400	60	6	1
1687426	5885147.89	7053769.27	0	2400	60	6	1
1687435	5895144.75	7040971	0	2400	60	4	1
1687436	5895144.75	7040971	0	2400	60	4	1
1687440	5897102.23	7040490.77	0	2400	60	4	1
1687443	5897108	7038875	0	2400	360	6	1
1687446	5885839.04	7051477.03	0	2400	60	4	1
1687450	5877629	6856123	0	2400	300	3	1
1687451	5888010	7053826	0	2400	60	6	1
1687452	5888010	7053826	0	2400	60	6	1
1687453	5888010	7053826	0	2400	60	6	1
1687460	5886733.68	7053227.32	0	2400	300	4	1
1687463	5887484	7052805	0	2400	360	4	1
1687465	5894634.47	7039572.42	0	2400	300	4	1
1687467	5886861	7052216	0	2400	300	4	1
1687476	5885768.44	7051563.13	0	2400	300	4	1
1687484	5884765.75	7052504.25	0	2400	300	6	1
1687486	5896023.04	7038732.29	0	2400	300	6	1
1687489	5882519.5	7051820	0	2400	60	4	1
1687492	5891834	7045583	0	2400	300	6	1
1687493	5891834	7045583	0	2400	60	6	1
1687494	5891834	7045583	0	2400	60	6	1
1687495	5887676	7052700	0	2400	300	4	1
1687500	5884781	7053618	0	2400	300	6	1
1687501	5884781	7053618	0	2400	60	6	1
1687507	5890670	7044756	0	2400	300	8	1
1687513	5893907	7056335	0	2400	60	4	1
1687520	5891685.56	7053850.79	0	2400	60	8	1
1687524	5891829.21	7053789.5	0	2400	60	8	1
1687525	5891829.21	7053789.5	0	2400	60	8	1
1687526	5899356	7035619	0	2400	60	4	1
1687527	5899356	7035619	0	2400	60	4	1
1687529	5890077.17	7047095.3	0	2400	360	4	1
1687532	5890565.47	7046381.27	0	2400	60	8	1
1687534	5895995.9	7037787.76	0	2400	60	4	1
1687536	5884818.46	7053452.48	0	2400	300	8	1
1687537	5884818.46	7053452.48	0	2400	60	8	1
1687540	5897545.19	7038886.33	0	2400	300	6	1
1687541	5897545.19	7038886.33	0	2400	60	6	1
1687542	5897545.19	7038886.33	0	2400	60	6	1
1687543	5897545.19	7038886.33	0	2400	60	6	1
1687544	5897545.19	7038886.33	0	2400	60	6	1
1687545	5897545.19	7038886.33	0	2400	60	6	1
1687546	5897545.19	7038886.33	0	2400	60	6	1
1687547	5897545.19	7038886.33	0	2400	60	6	1
1687548	5897545.19	7038886.33	0	2400	60	6	1
1687549	5897545.19	7038886.33	0	2400	60	6	1
1687550	5897545.19	7038886.33	0	2400	60	6	1
1687551	5897545.19	7038886.33	0	2400	60	6	1
1687552	5897545.19	7038886.33	0	2400	60	6	1
1687553	5897545.19	7038886.33	0	2400	60	6	1
1687554	5897545.19	7038886.33	0	2400	60	6	1
1687555	5897545.19	7038886.33	0	2400	60	6	1
1687556	5897545.19	7038886.33	0	2400	60	6	1
1687565	5894699	7039324	0	2400	300	6	1
1687570	5883905.27	7054425.44	0	2400	300	6	1
1687571	5883905.27	7054425.44	0	2400	60	6	1
1687572	5883905.27	7054425.44	0	2400	60	6	1
1687573	5883905.27	7054425.44	0	2400	60	6	1
1687582	5883957.84	7052574.82	0	2400	360	3	1
1687583	5883957.84	7052574.82	0	2400	60	3	1
1687584	5883957.84	7052574.82	0	2400	60	3	1
1687586	5882642	7051532	0	2400	300	4	1
1687589	5882656	7051517	0	2400	300	4	1
1687591	5893487	7055601	0	2400	360	4	1
1687595	5884135.26	7052566.85	0	2400	300	4	1
1687598	5893326.27	7053625.3	0	2400	60	4	1
1687600	5893301.1	7053513.07	0	2400	60	4	1
1687606	5884134.46	7053852.47	0	2400	60	6	1
1687607	5884134.46	7053852.47	0	2400	60	6	1
1687610	5886771.96	7052067.41	0	2400	300	4	1
1687611	5820880	6932222	0	2400	300	6	1
1687612	5819764	6928154	0	2400	300	6	1
1687624	5890302	7054281	0	2400	300	4	1
1687625	5890302	7054281	0	2400	60	4	1
1687626	5890302	7054281	0	2400	60	4	1
1687634	5898870	6847130	0	2400	300	6	1
1687638	5871318	6844059	0	2400	300	8	1
1687639	5871318	6844059	0	2400	60	8	1
1687640	5871318	6844059	0	2400	60	8	1
1687651	5872695	6850120	0	2400	300	8	1
1687655	5898870	6847130	0	2400	300	6	1
1687662	5898711	6841430	0	2400	300	6	1
1687664	5872590	6837916	0	2400	300	6	1
1687668	5898711	6841430	0	2400	300	8	1
1687672	5898711	6841430	0	2400	60	8	1
1687673	5872590	6837914	0	2400	300	6	1
1687677	5872695	6850120	0	2400	300	8	1
1687678	5872695	6850120	0	2400	60	8	1
1687679	5872695	6850120	0	2400	60	4	1
1687680	5872695	6850120	0	2400	60	4	1
1687681	5872695	6850120	0	2400	60	4	1
1687682	5872695	6850120	0	2400	60	4	1
1687686	5898870	6847130	0	2400	300	6	1
1687702	5844848	6957294	0	2400	360	3	1
1687703	5844848	6957294	0	2400	60	3	1
1687708	5855539	6906211	700	1700	300	8	1
1687709	5850229	6902724	800	1700	300	8	1
1687710	5846454	6897228	0	2400	300	8	1
1687711	5845167	6881251	0	2400	300	6	1
1687714	5860141	6968257	0	2400	300	8	1
1687718	5893399.26	7032482.86	0	2400	60	6	1
1687720	5835485.88	6942392.45	0	2400	300	8	1
1687724	5826182	6935145	0	2400	60	8	1
1687733	5868359.94	6963833.2	0	2400	360	6	1
1687736	5832311	6922396	0	2400	360	6	1
1687739	5833880	6920148	0	2400	300	2	1
1687743	5897263	6877265	0	2400	300	8	1
1687745	5837024	6951374	0	2400	300	0	1
1687746	5871853	6930883	0	2400	360	6	1
1687747	5809796	6854304	0	2400	300	4	1
1687748	5809796	6854304	0	2400	60	4	1
1687751	5818545	6969575	0	2400	300	3	1
1687753	5863494.4	6908869.75	0	2400	360	4	1
1687754	5863494.4	6908869.75	0	2400	300	4	1
1687755	5863494.4	6908869.75	0	2400	60	4	1
1687757	5830969.2	6881968.27	0	2400	360	2	1
1687758	5828567.75	6884588.8	0	2400	60	2	1
1687759	5828567.75	6884588.8	0	2400	60	2	1
1687762	5895024	6857008	0	2400	360	4	1
1687763	5895024	6857008	0	2400	60	8	1
1687764	5895024	6857008	0	2400	60	8	1
1687773	5852501.7	6904942.47	800	1700	360	8	1
1687774	5852501.7	6904942.47	800	1700	60	8	1
1687775	5852501.7	6904942.47	800	1700	60	8	1
1687780	5852498	6904925	800	1700	360	8	1
1687784	5852005	6904723	0	2400	360	8	1
1687785	5852005	6904723	0	2400	60	8	1
1687786	5852005	6904723	0	2400	360	4	1
1687788	5871208	6843069	0	2400	300	2	1
1687794	5904908	6992962	1200	1700	300	6	1
1687839	5860580	6882668	0	2400	300	6	1
1687840	5860580	6882668	0	2400	60	8	1
1687842	5839262	6838631	0	2400	360	6	1
1687851	5879277	6947749	0	2400	300	4	1
1687863	5815945	6946388	0	2400	360	8	1
1687865	5839072	6947332	0	2400	300	2	1
1687866	5848150	6964256	0	2400	360	4	1
1687867	5848150	6964256	0	2400	60	4	1
1687868	5848150	6964256	0	2400	60	4	1
1687875	5851791	6935004	0	2400	360	3	1
1687878	5820267	6842665	0	2400	300	6	1
1687890	5837413	6843226	0	2400	300	3	1
1687898	5812373	6843018	0	2400	300	4	1
1687899	5812373	6843018	0	2400	60	4	1
1687900	5812373	6843018	0	2400	60	4	1
1687901	5812373	6843018	0	2400	60	4	1
1687902	5812373	6843018	0	2400	60	4	1
1687903	5812373	6843018	0	2400	60	4	1
1687904	5812373	6843018	0	2400	60	4	1
1687908	5808778	6849125	0	2400	300	4	1
1687909	5808778	6849125	0	2400	60	4	1
1687910	5808778	6849125	0	2400	60	4	1
1687911	5808778	6849125	0	2400	60	4	1
1687914	5803785	6848416	0	2400	300	4	1
1687915	5803785	6848416	0	2400	60	4	1
1687919	5810148	6845817	0	2400	300	4	1
1687920	5810148	6845817	0	2400	60	4	1
1687922	5807522	6855783	0	2400	300	4	1
1687923	5807522	6855783	0	2400	60	4	1
1687924	5816329	6845810	0	2400	300	4	1
1687925	5816329	6845810	0	2400	60	4	1
1687926	5814419	6846813	0	2400	300	8	1
1687927	5814419	6846813	0	2400	60	8	1
1687930	5814358	6853221	0	2400	300	4	1
1687931	5814358	6853221	0	2400	60	4	1
1687933	5808846	6859724	0	2400	300	8	1
1687934	5821126	6844223	0	2400	300	3	1
1687935	5825772	6845428	0	2400	300	3	1
1687936	5815780	6842736	0	2400	300	4	1
1687937	5815780	6842736	0	2400	60	4	1
1687938	5816532	6851391	0	2400	300	4	1
1687939	5816532	6851391	0	2400	60	4	1
1687940	5811103	6848951	0	2400	300	4	1
1687941	5811103	6848951	0	2400	60	4	1
1687942	5816745	6851790	0	2400	300	4	1
1687943	5816745	6851790	0	2400	60	4	1
1687944	5816745	6851790	0	2400	60	4	1
1687945	5816745	6851790	0	2400	60	4	1
1687946	5807539	6850657	0	2400	60	4	1
1687947	5807539	6850657	0	2400	60	4	1
1687948	5837877	6845267	0	2400	60	8	1
1687950	5842311	6841825	0	2400	60	6	1
1687951	5837574	6843195	0	2400	360	6	1
1687953	5842030	6846978	0	2400	360	8	1
1687954	5826035	6845402	0	2400	360	6	1
1687957	5835201	6844728	0	2400	360	6	1
1687965	5801071	6859234	0	2400	300	8	1
1687973	5828475	6840328	700	1600	360	6	1
1687976	5816004	6844605	0	2400	360	4	1
1687984	5816017	6844669	0	2400	360	15	1
1687997	5811334	6845393	0	2400	300	2	1
1687998	5816010	6844601	0	2400	360	2	1
1688090	5823550	6845177	0	2400	300	8	1
1688091	5816429	6955024	0	2400	300	4	1
1688095	5853170	6929899	0	2400	360	3	1
1688096	5853170	6929899	0	2400	60	3	1
1688097	5848998	6935270	0	2400	300	4	1
1688098	5848998	6935270	0	2400	60	4	1
1688100	5890067	6985736	0	2400	300	8	1
1688101	5890067	6985736	0	2400	60	8	1
1688105	5894471	6981192	0	2400	360	18	1
1688107	5862073	6985073	830	1630	300	6	1
1688111	5872100	7005704	0	2400	60	18	1
1688112	5860930.33	6995686.89	0	2400	300	4	1
1688113	5860987	6995674.11	0	2400	300	8	1
1688143	5848877	7038714	0	2400	360	6	1
1688144	5848877	7038714	0	2400	60	4	1
1688152	5854562	6990702	0	2400	300	8	1
1688160	5872333	6938631	0	2400	300	6	1
1688161	5861200.52	6995647.65	0	2400	60	6	1
1688162	5853872	6984798	100	700	300	3	1
1688163	5853872	6984798	100	700	60	3	1
1688165	5837084	6837906	0	2400	300	6	1
1688183	5844069	6934260	0	2400	300	2	1
1688188	5828931	6934468	0	2400	300	8	1
1688191	5863501	6863554	0	2400	300	4	1
1688197	5828474	6840314	0	2400	360	8	1
1688198	5828474	6840314	0	2400	60	8	1
1688211	5828707.31	6884392.08	0	2400	300	6	1
1688212	5828707.31	6884392.08	0	2400	60	6	1
1688213	5828707.31	6884392.08	0	2400	60	6	1
1688214	5828707.31	6884392.08	0	2400	60	6	1
1688215	5828707.31	6884392.08	0	2400	60	6	1
1688216	5828707.31	6884392.08	0	2400	60	6	1
1688217	5828707.31	6884392.08	0	2400	60	6	1
1688218	5828707.31	6884392.08	0	2400	60	6	1
1688219	5828707.31	6884392.08	0	2400	60	6	1
1688220	5828707.31	6884392.08	0	2400	60	6	1
1688239	5832046	6835562	0	2400	360	6	1
1688251	5848602	6902957	800	1700	60	6	1
1688256	5897263	6877265	0	2400	300	2	1
1688257	5812435	6845182	0	2400	300	2	1
1688284	5835655	6848832	0	2400	300	4	1
1688294	5840794	6842771	0	2400	360	3	1
1688295	5871047	6840107	0	2400	300	2	1
1688297	5817891	6867242	0	2400	300	3	1
1688298	5883746	6868380	0	2400	300	2	1
1688299	5839190	6837854	0	2400	300	4	1
1688305	5831873	6835375	0	2400	360	8	1
1688307	5831873	6835375	0	2400	60	6	1
1688311	5840882	6843044	0	2400	300	3	1
1688331	5823363	6857777	0	2400	300	2	1
1688332	5833209	6836207	0	2400	300	6	1
1688339	5805922	6854694	0	2400	300	2	1
1688359	5803174.51	6857240.44	0	2400	300	6	1
1688360	5803174.51	6857240.44	0	2400	60	2	1
1688362	5819866.67	6852231.22	0	2400	300	6	1
1688363	5819866.67	6852231.22	0	2400	60	2	1
1688364	5819866.67	6852231.22	0	2400	60	4	1
1688365	5819866.67	6852231.22	0	2400	60	4	1
1688366	5819866.67	6852231.22	0	2400	60	4	1
1688367	5819866.67	6852231.22	0	2400	60	4	1
1688368	5819866.67	6852231.22	0	2400	60	4	1
1688369	5819866.67	6852231.22	0	2400	60	4	1
1688370	5819866.67	6852231.22	0	2400	60	4	1
1688507	5837490	6846207	0	2400	300	2	1
1688508	5837490	6846207	0	2400	60	2	1
1688509	5815989	6866796	0	2400	360	2	1
1688520	5805725	6855109	0	2400	300	2	1
1688534	5833389	6844876	0	2400	300	2	1
1688535	5801834	6856458	0	2400	300	2	1
1688538	5853960	6838244	0	2400	300	3	1
1688542	5833389	6844876	0	2400	300	2	1
1688544	5816022	6844593	0	2400	300	2	1
1688552	5835002	6930177	0	2400	300	8	1
1688561	5795283	6856968	0	2400	360	8	1
1688565	5836259	6921215	0	2400	360	4	1
1688571	5862564	6979053	0	2400	360	2	1
1688572	5862564	6979053	0	2400	300	2	1
1688573	5842856	6940923	0	2400	300	6	1
1688576	5824099	6927268	0	2400	360	8	1
1688577	5824099	6927268	0	2400	300	8	1
1688582	5813074	6962366	0	2400	300	6	1
1688596	5848692	6964872	0	2400	300	4	1
1688597	5820291	6872314	0	2400	360	8	1
1688604	5841954	6977025	0	2400	300	6	1
1688606	5833732	6972604	0	2400	300	8	1
1688607	5833732	6972604	0	2400	300	8	1
1688611	5817883	6987852	0	2400	360	3	1
1688612	5855708	6844506	0	2400	300	8	1
1688615	5903942	6979941	0	2400	300	6	1
1688616	5903942	6979941	0	2400	60	6	1
1688617	5903942	6979941	0	2400	60	6	1
1688620	5837024	6951374	0	2400	300	6	1
1688622	5809058	6973216	0	2400	300	8	1
1688626	5893813.23	7055731.54	0	2400	300	4	1
1688633	5843356	6919113	0	2400	360	8	1
1688634	5843356	6919113	0	2400	60	8	1
1688635	5843356	6919113	0	2400	60	3	1
1688637	5853088	6934861	0	2400	300	6	1
1688638	5853088	6934861	0	2400	60	6	1
1688647	5848332	6963657	0	2400	360	8	1
1688663	5812483	6934253	0	2400	300	2	1
1688669	5894075	6873728	0	2400	360	8	1
1688679	5844076	6934241	0	2400	360	8	1
1688726	5817350	6868324	0	2400	300	4	1
1688727	5823943	6927899	0	2400	360	4	1
1688729	5832053	6934854	0	2400	360	4	1
1688732	5836474	6922047	0	2400	360	4	1
1688736	5831388	6928205	0	2400	360	8	1
1688737	5824182	6929064	0	2400	360	6	1
1688739	5834582	6921954	0	2400	360	4	1
1688742	5834340	6928927	0	2400	300	6	1
1688743	5834340	6928927	0	2400	60	4	1
1688745	5829559	6929448	0	2400	360	6	1
1688747	5829559	6929448	0	2400	60	4	1
1688748	5820161	6931571	0	2400	360	6	1
1688749	5820161	6931571	0	2400	300	4	1
1688752	5827161	6928539	0	2400	360	6	1
1688755	5833249	6918761	0	2400	360	4	1
1688758	5828893	6927497	0	2400	360	8	1
1688763	5829721	6921959	0	2400	360	6	1
1688765	5833046	6925356	0	2400	360	4	1
1688767	5822398	6932077	0	2400	360	4	1
1688769	5834752	6923385	100	700	360	6	1
1688771	5833115	6932527	0	2400	300	6	1
1688774	5829038	6930539	0	2400	360	4	1
1688775	5829038	6930539	0	2400	60	6	1
1688778	5829038	6930539	0	2400	60	6	1
1688781	5835986	6928015	100	700	300	6	1
1688782	5835986	6928015	100	700	60	8	1
1688783	5835986	6928015	100	700	60	8	1
1688786	5820497	6928516	0	2400	360	8	1
1688790	5836332	6920673	0	2400	360	8	1
1688792	5834408	6926469	100	700	360	6	1
1688795	5834408	6926469	100	700	60	6	1
1688796	5834408	6926469	100	700	60	6	1
1688797	5834408	6926469	100	700	60	6	1
1688798	5834408	6926469	100	700	60	6	1
1688799	5834408	6926469	100	700	60	6	1
1688803	5831516	6929052	0	2400	360	6	1
1688804	5831351	6927826	0	2400	360	6	1
1688806	5831635	6928343	0	2400	360	6	1
1688807	5831635	6928343	0	2400	60	4	1
1688811	5881757	6919356	0	2400	300	6	1
1688815	5881757	6919356	0	2400	360	6	1
1688817	5881757	6919356	0	2400	300	2	1
1688819	5900841	6921551	0	2400	300	2	1
1688821	5882181	6919004	0	2400	300	2	1
1688822	5836127	7005948	100	700	300	2	1
1688823	5836127	7005948	100	700	60	2	1
1688824	5836127	7005948	100	700	60	2	1
1688825	5836127	7005948	100	700	60	2	1
1688826	5836127	7005948	0	2400	300	4	1
1688827	5836127	7005948	0	2400	60	4	1
1688828	5837675	7002789	100	700	300	4	1
1688829	5837675	7002789	100	700	60	4	1
1688830	5837675	7002789	100	700	60	4	1
1688831	5832853	7000287	0	2400	300	4	1
1688832	5832853	7000287	0	2400	60	4	1
1688833	5832853	7000287	0	2400	60	4	1
1688863	5889280	6954333	0	2400	300	8	1
1688864	5889280	6954333	0	2400	60	8	1
1688881	5838376	6944931	0	2400	300	8	1
1688893	5816429	6955024	0	2400	300	8	1
1688900	5828947	6925610	100	700	360	8	1
1688901	5828947	6925610	100	700	60	8	1
1688902	5828947	6925610	100	700	60	8	1
1688906	5829253	6924749	100	700	360	6	1
1688929	5824643	6935992	0	2400	300	2	1
1688934	5837790	6944947	0	2400	300	4	1
1688956	5846468	6949681	0	2400	300	3	1
1688961	5877623	6913409	0	2400	300	6	1
1688972	5847529	6964470	0	2400	300	6	1
1688976	5842988	6974081	0	2400	300	6	1
1688978	5842988	6974081	0	2400	300	8	1
1688986	5847529	6964470	0	2400	300	6	1
1688988	5842988	6974081	0	2400	300	8	1
1688989	5842988	6974081	0	2400	60	8	1
1688993	5874610.31	6953460.05	0	2400	300	4	1
1688995	5842988	6974081	0	2400	300	8	1
1689008	5848980	6935272	0	2400	300	4	1
1689011	5814869	6931687	0	2400	360	6	1
1689025	5875753.77	7009883.23	0	2400	60	8	1
1689026	5875753.77	7009883.23	0	2400	60	8	1
1689036	5847821	6944563	0	2400	360	6	1
1689038	5893281	7038934	0	2400	60	3	1
1689067	5853872	6984798	100	700	300	3	1
1689068	5853872	6984798	100	700	60	3	1
1689079	5893374	6888866	0	2400	360	8	1
1689080	5906897	6991872	1200	1700	300	3	1
1689082	5909810	6975899	0	2400	300	6	1
1689083	5909810	6975899	0	2400	60	6	1
1689084	5909810	6975899	0	2400	60	6	1
1689094	5876906	6997545	0	2400	300	24	1
1689095	5876906	6997545	0	2400	60	8	1
1689096	5819870	6848116	0	2400	300	3	1
1689099	5822414	6855708	0	2400	300	6	1
1689137	5844492	6918792	0	2400	360	8	1
1689140	5827537	6855715	0	2400	360	8	1
1689148	5832939	6925869	0	2400	360	9	1
1689149	5832939	6925869	0	2400	60	9	1
1689150	5832939	6925869	0	2400	60	9	1
1689151	5832939	6925869	0	2400	60	4	1
1689152	5832428	6925513	0	2400	360	9	1
1689153	5832428	6925513	0	2400	60	9	1
1689154	5832428	6925513	0	2400	60	6	1
1689155	5832428	6925513	0	2400	60	6	1
1689161	5830507	6927268	0	2400	360	8	1
1689162	5815432	6933820	0	2400	300	8	1
1689163	5815432	6933820	0	2400	60	8	1
1689164	5826251	6925812	0	2400	360	8	1
1689200	5800338	6980947	0	2400	300	4	1
1689202	5816759	6929648	0	2400	360	4	1
1689206	5868048	6932415	0	2400	360	8	1
1689209	5823559	6928305	0	2400	360	2	1
1689210	5823559	6928305	0	2400	300	2	1
1689255	5832159	6835633	0	2400	360	6	1
1689257	5867078	6928305	0	2400	300	8	1
1689262	5847404	6918048	0	2400	360	4	1
1689266	5814869	6931687	100	800	300	4	1
1689267	5814869	6931687	100	800	60	4	1
1689268	5814869	6931687	100	800	60	4	1
1689269	5814869	6931687	100	800	60	4	1
1689270	5814869	6931687	100	800	60	4	1
1689271	5814869	6931687	100	800	60	4	1
1689272	5814869	6931687	100	800	60	4	1
1689273	5814869	6931687	100	800	60	4	1
1689274	5814869	6931687	100	800	60	4	1
1689275	5814869	6931687	100	800	60	2	1
1689276	5814869	6931687	100	800	60	2	1
1689277	5814869	6931687	100	800	60	2	1
1689278	5814869	6931687	100	800	60	2	1
1689279	5814869	6931687	100	800	60	8	1
1689280	5814869	6931687	100	800	60	8	1
1689281	5814869	6931687	100	800	60	8	1
1689282	5814869	6931687	100	800	60	8	1
1689283	5814869	6931687	100	800	60	8	1
1689284	5814869	6931687	100	800	60	8	1
1689285	5814869	6931687	100	800	60	8	1
1689286	5814869	6931687	100	800	60	8	1
1689287	5814869	6931687	100	800	60	8	1
1689288	5814869	6931687	100	800	60	8	1
1689289	5814869	6931687	100	800	60	2	1
1689290	5814869	6931687	100	800	60	2	1
1689378	5805068.01	6935080.85	0	2400	360	8	1
1689379	5804743.74	6935272.08	0	2400	300	6	1
1689380	5804743.74	6935272.08	0	2400	60	6	1
1689381	5804743.74	6935272.08	0	2400	60	6	1
1689382	5804743.74	6935272.08	0	2400	60	6	1
1689383	5804743.74	6935272.08	0	2400	60	6	1
1689384	5804743.74	6935272.08	0	2400	60	4	1
1689385	5804743.74	6935272.08	0	2400	60	4	1
1689386	5815077	6939687	0	2400	300	4	1
1689387	5857272.25	6979622.74	0	2400	300	4	1
1689389	5886002	6959857	930	1700	300	8	1
1689392	5842268	6919490	0	2400	300	8	1
1689393	5842268	6919490	0	2400	60	8	1
1689404	5842268	6919490	0	2400	60	4	1
1689405	5842268	6919490	0	2400	240	4	1
1689423	5878632	6924395	0	2400	300	8	1
1689430	5830443	6934727	0	2400	300	2	1
1689457	5848440	6963856	0	2400	300	8	1
1689462	5882720	6871776	0	2400	300	8	1
1689490	5844948	6957617	0	2400	300	6	1
1689497	5876720.74	6915826.43	0	2400	300	6	1
1689530	5828457	6840367	0	2400	300	8	1
1689531	5828457	6840367	0	2400	60	8	1
1689538	5846461	6961528	0	2400	300	6	1
1689544	5812369	6842923	0	2400	300	2	1
1689562	5815077	6939687	0	2400	300	8	1
1689563	5815077	6939687	0	2400	60	8	1
1689567	5824140	6930944	0	2400	300	6	1
1689568	5824140	6930944	0	2400	60	6	1
1689569	5824140	6930944	0	2400	60	6	1
1689570	5824140	6930944	0	2400	60	6	1
1689571	5824140	6930944	0	2400	60	6	1
1689572	5824140	6930944	0	2400	60	6	1
1689573	5824140	6930944	0	2400	60	6	1
1689578	5844762	6978509	0	2400	360	8	1
1689586	5826809	6935026	0	2400	300	4	1
1689591	5837370	6951456	0	2400	300	8	1
1689609	5900286	6987805	0	2400	300	4	1
1689611	5832561	6924030	0	2400	360	4	1
1689613	5834402	6921183	0	2400	300	4	1
1689622	5828445	6840063	0	2400	360	6	1
1689624	5895040	6987446	0	2400	60	4	1
1689626	5895212	6987423	0	2400	300	4	1
1689628	5900281	6987717	0	2400	300	4	1
1689630	5900262	6987720	0	2400	60	4	1
1689644	5853366.19	6863868.73	0	2400	300	6	1
1689647	5856484	6968300	0	2400	360	6	1
1689653	5892714.84	7032020.22	0	2400	300	6	1
1689654	5892714.84	7032020.22	0	2400	60	3	1
1689662	5820232	6841486	0	2400	300	8	1
1689663	5820232	6841486	0	2400	60	8	1
1689665	5890767	7045134	0	2400	60	2	1
1689672	5815082	6940126	0	2400	300	2	1
1689677	5856417	6986259	0	2400	300	3	1
1689687	5885875	6966213	0	2400	360	8	1
1689695	5832531	6936817	0	2400	360	3	1
1689716	5813351	6867727	0	2400	60	4	1
1689720	5883440	7012198	0	2400	300	8	1
1689722	5883440	7012198	0	2400	360	0	1
1689728	5847579	6918656	0	2400	300	8	1
1689732	5853872	6984798	100	700	300	3	1
1689733	5853872	6984798	100	700	60	3	1
1689734	5812145	6855013	0	2400	300	2	1
1689737	5837042	6935446	0	2400	300	6	1
1689747	5840923	6843500	0	2400	300	4	1
1689772	5901708	7028566	0	2400	360	4	1
1689774	5810839	6970326	900	1700	360	3	1
1689780	5805965	6854690	0	2400	360	2	1
1689785	5886267	6954695	0	2400	300	4	1
1689791	5885564	6958788	0	2400	300	6	1
1689792	5885564	6958788	0	2400	60	6	1
1689798	5844664	6995618	0	2400	300	8	1
1689799	5844664	6995618	0	2400	60	4	1
1689805	5892844	7032115	0	2400	300	2	1
1689807	5841368	7002574	0	2400	360	8	1
1689838	5900265	6987777	0	2400	300	4	1
1689840	5900618	6973011	0	2400	300	4	1
1689847	5852497	6978257	0	2400	60	3	1
1689854	5806829	6855520	0	2400	300	6	1
1689870	5901025	6982125	0	2400	300	4	1
1689893	5842732	6933812	0	2400	300	3	1
1689909	5843616.8	6894056.23	0	2400	360	6	1
1689910	5843616.8	6894056.23	0	2400	60	6	1
1689911	5843616.8	6894056.23	0	2400	60	6	1
1689912	5843616.8	6894056.23	0	2400	60	6	1
1689930	5850785	6935100	0	2400	300	8	1
1689936	5808846	6859724	0	2400	360	18	1
1689937	5803613	6849962	0	2400	300	6	1
1689943	5883849	6954382	0	2400	360	6	1
1689959	5847680	6940053	0	2400	300	4	1
1689965	5845762	6926244	0	2400	300	8	1
1689977	5885410.4	6958673.92	0	2400	300	6	1
1689980	5847324	6979218	0	2400	300	8	1
1689982	5837380	6924534	0	2400	300	8	1
1689992	5853943	6934783	0	2400	60	8	1
1689995	5836080	7039915	0	2400	60	8	1
1689996	5836080	7039915	0	2400	360	8	1
1690009	5815959	6866783	0	2400	300	3	1
1690012	5880365	6881087	0	2400	300	6	1
1690023	5805869	6854727	0	2400	300	4	1
1690024	5806888	6854078	0	2400	300	4	1
1690025	5802842	6851276	0	2400	300	4	1
1690026	5808891	6850053	0	2400	300	4	1
1690027	5802839	6851283	0	2400	60	4	1
1690028	5802839	6851283	0	2400	60	4	1
1690029	5802839	6851283	0	2400	60	4	1
1690030	5808939	6850524	0	2400	300	4	1
1690031	5805869	6854727	0	2400	300	4	1
1690032	5803014	6850925	0	2400	300	4	1
1690033	5803014	6850925	0	2400	60	4	1
1690034	5803014	6850925	0	2400	60	4	1
1690092	5859879	6906048	0	2400	60	8	1
1690093	5892182	6987620	0	2400	300	8	1
1690094	5883016	6995388	0	2400	300	4	1
1690107	5877898	7071277	0	2400	300	4	1
1690108	5898913	7037169	0	2400	300	6	1
1690111	5847609	6946165	0	2400	360	6	1
1690135	5898913	7037169	0	2400	60	4	1
1690146	5885204	6957937	0	2400	300	2	1
1690152	5806416.85	6959863.53	0	2400	300	8	1
1690159	5862571	6922864	0	2400	60	6	1
1690161	5893614.2	7038862.8	0	2400	300	4	1
1690164	5877629	6856123	0	2400	360	6	1
1690179	5859660	6918489	0	2400	300	4	1
1690188	5854647	6955101	0	2400	360	6	1
1690189	5898409	6847304	0	2400	360	6	1
1690190	5893565	7032992	0	2400	300	4	1
1690194	5830407	6924660	0	2400	300	8	1
1690224	5816698	6986610	0	2400	300	4	1
1690239	5853872	6984798	100	700	300	8	1
1690257	5886545	6841034	0	2400	300	6	1
1690266	5898713	6848983	0	2400	300	8	1
1690272	5831474	7032383	0	2400	300	4	1
1690275	5854374	6918320	0	2400	360	2	1
1690283	5900657	6988071	0	2400	60	8	1
1690289	5819103	6871210	0	2400	300	2	1
1690291	5906590	6992108	0	2400	300	4	1
1690300	5858851	6992799	0	2400	360	6	1
1690326	5855397	6934646	0	2400	300	8	1
1690334	5813704	6939629	0	2400	300	6	1
1690342	5872957	6998560	0	2400	360	6	1
1690347	5820291	6872314	0	2400	60	6	1
1690354	5855708	6844506	900	1700	360	3	1
1690358	5842518	6931578	0	2400	360	6	1
1690360	5802978	6851751	0	2400	300	8	1
1690372	5822967	6927457	0	2400	360	6	1
1690373	5822967	6927457	0	2400	60	6	1
1690374	5822967	6927457	0	2400	60	6	1
1690384	5847546	6839182	0	2400	360	6	1
1690385	5856453	6829486	0	2400	60	6	1
1690386	5907933	6843530	0	2400	360	6	1
1690388	5878975	6875085	0	2400	360	8	1
1690390	5835296.24	6848654.53	0	2400	360	8	1
1690392	5898593	6847230	0	2400	360	6	1
1690395	5849396	6947038	0	2400	300	6	1
1690400	5827030	6934969	0	2400	300	4	1
1690467	5811255.52	6939820.34	0	2400	360	8	1
1690472	5858918	6976335	0	2400	60	8	1
1690473	5858918	6976335	0	2400	60	8	1
1690474	5858918	6976335	0	2400	60	8	1
1690481	5860218	6967551	0	2400	360	2	1
1690489	5820711	6861417	0	2400	300	2	1
1690510	5851880	6904428	700	1700	300	6	1
1690530	5874372	6979626	0	2400	60	6	1
1690531	5874372	6979626	0	2400	60	6	1
1690532	5874372	6979626	0	2400	60	6	1
1690533	5874372	6979626	0	2400	60	6	1
1690534	5874372	6979626	0	2400	60	6	1
1690535	5874372	6979626	0	2400	60	6	1
1690536	5874372	6979626	0	2400	60	6	1
1690537	5874372	6979626	0	2400	60	6	1
1690538	5874372	6979626	0	2400	60	6	1
1690539	5874372	6979626	0	2400	60	6	1
1690540	5874372	6979626	0	2400	60	6	1
1690541	5874372	6979626	0	2400	60	6	1
1690542	5874372	6979626	0	2400	60	6	1
1690543	5874372	6979626	0	2400	60	6	1
1690544	5874372	6979626	0	2400	60	6	1
1690545	5874372	6979626	0	2400	60	6	1
1690546	5874372	6979626	0	2400	60	6	1
1690547	5874372	6979626	0	2400	60	6	1
1690548	5874372	6979626	0	2400	60	6	1
1690549	5874372	6979626	0	2400	60	6	1
1690550	5874372	6979626	0	2400	60	6	1
1690551	5874372	6979626	0	2400	60	6	1
1690552	5874372	6979626	0	2400	60	6	1
1690553	5874372	6979626	0	2400	60	6	1
1690554	5874372	6979626	0	2400	60	6	1
1690555	5874372	6979626	0	2400	60	6	1
1690556	5874372	6979626	0	2400	60	6	1
1690634	5874372	6979626	0	2400	60	8	1
1690635	5874372	6979626	0	2400	60	8	1
1690636	5874372	6979626	0	2400	60	8	1
1690637	5874372	6979626	0	2400	60	8	1
1690638	5874372	6979626	0	2400	60	8	1
1690639	5874372	6979626	0	2400	60	4	1
1690640	5874372	6979626	0	2400	60	4	1
1690641	5874372	6979626	0	2400	60	4	1
1690642	5874372	6979626	0	2400	60	4	1
1690643	5874372	6979626	0	2400	60	4	1
1690644	5873165	6978938	0	2400	300	6	1
1690645	5873165	6978938	0	2400	60	6	1
1690646	5873165	6978938	0	2400	60	6	1
1690647	5873165	6978938	0	2400	60	6	1
1690648	5873165	6978938	0	2400	60	6	1
1690649	5873165	6978938	0	2400	60	6	1
1690650	5873165	6978938	0	2400	60	6	1
1690651	5873165	6978938	0	2400	60	6	1
1690652	5873165	6978938	0	2400	60	6	1
1690686	5873165	6978938	0	2400	60	8	1
1690687	5873165	6978938	0	2400	60	8	1
1690688	5873165	6978938	0	2400	60	8	1
1690689	5873165	6978938	0	2400	60	4	1
1690690	5873165	6978938	0	2400	60	4	1
1690691	5873165	6978938	0	2400	60	4	1
1690692	5806951	6858429	0	2400	300	8	1
1690693	5806951	6858429	0	2400	60	8	1
1690694	5806951	6858429	0	2400	60	6	1
1690695	5806951	6858429	0	2400	60	6	1
1690696	5806951	6858429	0	2400	60	6	1
1690697	5806951	6858429	0	2400	60	6	1
1690698	5806951	6858429	0	2400	60	6	1
1690699	5806951	6858429	0	2400	60	6	1
1690700	5806951	6858429	0	2400	60	6	1
1690720	5838219	6846672	0	2400	300	8	1
1690727	5852144	6934957	0	2400	360	6	1
1690729	5838289	6846587	0	2400	360	8	1
1690740	5856417	6986259	0	2400	360	4	1
1690742	5830443	6934727	0	2400	300	4	1
1690743	5843322	6924067	100	700	300	2	1
1690746	5864723	6985926	0	2400	360	8	1
1727063	5872117	6849781	0	2400	300	2	1
1727236	5846347	6961326	0	2400	300	6	1
1813144	5898713	6848983	0	2400	360	6	1
1814390	5855856	6934621	100	700	300	2	1
1814858	5827537	6855715	0	2400	360	18	1
1814859	5827537	6855715	0	2400	60	8	1
1816253	5874834	7010163	0	2400	300	8	1
1816256	5874326	7017131	100	800	300	8	1
1816262	5864893	7006160	700	1700	360	8	1
1816265	5880820	7000447	100	800	300	8	1
1816268	5883400	7011917	100	800	360	8	1
1816271	5869415	7013346	100	800	300	8	1
1816274	5876906	6997545	100	800	300	8	1
1816277	5899487	7001688	0	2400	360	8	1
1816278	5899487	7001688	0	2400	60	8	1
1816281	5878673	6997597	100	800	300	8	1
1816282	5878673	6997597	100	800	60	8	1
1816285	5883400	7011917	100	800	360	8	1
1816286	5883400	7011917	100	800	60	8	1
1816290	5878102	7000806	100	800	360	8	1
1816291	5878102	7000806	100	800	60	8	1
1816294	5876906	6997545	100	800	300	8	1
1816295	5876906	6997545	100	800	60	8	1
1816296	5876906	6997545	100	800	60	8	1
1816483	5844706	6997700	0	2400	300	6	1
1816531	5846039	6960780	0	2400	360	6	1
1819368	5847585.8	6996102.74	0	2400	360	3	1
1819369	5847585.8	6996102.74	0	2400	60	3	1
1819370	5847585.8	6996102.74	0	2400	60	3	1
1819371	5847585.8	6996102.74	0	2400	60	3	1
1819372	5847585.8	6996102.74	0	2400	60	3	1
1819478	5808846	6859724	0	2400	300	24	1
1822362	5812838	6962963	0	2400	300	2	1
1824113	5826835	6925752	100	700	360	8	1
1825092	5898913	7037169	0	2400	300	4	1
1825383	5822158	6860227	0	2400	360	6	1
1825861	5833664.33	6869107.83	0	2400	300	8	1
1825862	5833664.33	6869107.83	0	2400	360	8	1
1830104	5831575	6935959	0	2400	300	6	1
1831551	5871433	6910410	0	2400	300	4	1
1834530	5823616	6956803	0	2400	360	6	1
1834603	5831800	6936749	0	2400	360	3	1
1834808	5843359	6924016	100	700	300	6	1
1836174	5834560	6920191	0	2400	360	4	1
1836754	5853447	6930123	0	2400	60	8	1
1837403	5807473	6935816	0	2400	300	4	1
1838560	5848852	6927017	100	700	300	4	1
1838619	5846352	6961336	0	2400	300	6	1
1839139	5809318	6846712	0	2400	300	2	1
1839450	5838219	6846672	0	2400	300	2	1
1839656	5827704	6924763	100	700	360	3	1
1839691	5801165	6859912	0	2400	300	6	1
1839734	5855319	6914017	0	2400	360	6	1
1840408	5901217	7042953	0	2400	60	8	1
1840409	5901217	7042953	0	2400	300	6	1
1840410	5901217	7042953	0	2400	60	6	1
1840411	5901217	7042953	0	2400	60	6	1
1840412	5901217	7042953	0	2400	60	6	1
1840413	5901217	7042953	0	2400	60	6	1
1840414	5901217	7042953	0	2400	60	6	1
1840415	5901217	7042953	0	2400	60	6	1
1840416	5901217	7042953	0	2400	60	6	1
1840417	5901217	7042953	0	2400	60	4	1
1840765	5813285	6867678	700	1500	60	2	1
1841890	5817193	6867581	100	700	300	6	1
1842535	5849644	6949808	0	2400	360	8	1
1842769	5827401	6941317	0	2400	300	8	1
1842877	5901112	6988076	0	2400	360	8	1
1842891	5827182	6941131	0	2400	300	8	1
1842892	5827182	6941131	0	2400	60	8	1
1843040	5845933	6985502	0	2400	360	6	1
1843448	5813704	6939629	0	2400	300	8	1
1844405	5851018	6935079	0	2400	300	2	1
1845041	5814749	6931797	0	2400	360	8	1
1845289	5824651	6928288	0	2400	300	8	1
1847814	5863752	6925850	0	2400	300	8	1
1849916	5849030	6949929	0	2400	300	8	1
1849918	5849030	6949929	0	2400	60	8	1
1851074	5862564	6979053	0	2400	300	2	1
1851193	5868670	6978172	0	2400	300	8	1
1851194	5868670	6978172	0	2400	60	8	1
1851505	5860120	6968371	0	2400	300	6	1
1851706	5844439	6956586	0	2400	360	18	1
1851754	5847817	6919968	0	2400	360	8	1
1851956	5897344	6981226	0	2400	60	8	1
1852856	5849101.61	6965094.35	0	2400	300	4	1
1854761	5882592	7051489	0	2400	300	4	1
2045493	5853204	6889961	0	2400	60	8	1
2045500	5898167	6847402	0	2400	300	2	1
2045564	5836147	6848427	0	2400	300	4	1
2045665	5888030	7053803	0	2400	300	2	1
2045667	5849989	6966665	0	2400	300	8	1
2045668	5848645	6934873	0	2400	300	4	1
2131793	5815665	6987460	0	2400	300	4	1
2131797	5846162	6941675	0	2400	300	4	1
2131800	5879485	6922418	0	2400	60	8	1
2131802	5832598	6936546	0	2400	60	6	1
2131893	5866761	7009319	700	1700	360	8	1
2131977	5830757	6970652	0	2400	300	8	1
2243954	5823616	6956803	0	2400	300	2	1
2248971	5812745	6943976	0	2400	300	4	1
2248972	5812745	6943976	0	2400	60	4	1
2250037	5830029	6924115	100	700	300	6	1
2250041	5885875	6966213	0	2400	60	8	1
2442207	5814603	6939283	0	2400	300	8	1
2442219	5878337	6961302	0	2400	300	4	1
2442221	5832263	6835698	0	2400	60	8	1
2442224	5806623	6854707	0	2400	300	4	1
2442225	5811713	6857336	0	2400	60	8	1
2442226	5811713	6857336	0	2400	60	8	1
2442230	5839753	6934358	0	2400	60	2	1
2442231	5839753	6934358	0	2400	60	2	1
2442235	5827537	6855715	0	2400	300	18	1
2442236	5800574	6977913	0	2400	300	4	1
2442248	5852497	6978257	0	2400	300	6	1
2442251	5887865	7053829	0	2400	60	8	1
2442252	5887865	7053829	0	2400	60	8	1
2442262	5846275	6961199	0	2400	60	2	1
2442266	5820291	6872314	0	2400	60	0	1
2442267	5820291	6872314	0	2400	300	8	1
2442268	5889431	6984130	0	2400	60	8	1
2442271	5828462	6840478	0	2400	300	3	1
2506954	5808846	6859724	0	2400	120	18	1
2506955	5885341	6958075	0	2400	120	6	1
2506957	5868623	6934149	0	2400	120	3	1
2506966	5855708	6844506	0	2400	120	6	1
1000707	5907658	7038354	0	2400	60	9999	2
70647	5833778	6930620	0	2400	60	9999	2
